,date,value,action,reward,balance,coin,position,price,index
0,2023-04-16,100000000.0,1,0.0,100000000,0,0,39837866.666666664,148696
1,2023-04-16,100000000.0,0,-0.74048985,199960000.0,-2.5101829756043683,-1,39837733.333333336,148697
2,2023-04-16,99960481.11840367,1,0.00236703,199960000.0,-2.5101829756043683,-1,39837541.666666664,148698
3,2023-04-16,99960857.64585,1,0.00251584,199960000.0,-2.5101829756043683,-1,39837391.666666664,148699
4,2023-04-16,99961255.0914878,1,0.00320804,199960000.0,-2.5101829756043683,-1,39837233.333333336,148700
5,2023-04-16,99961715.2917,0,-0.77534147,299920000.0,-5.020409008907537,-2,39837050.0,148701
6,2023-04-16,99923263.25114444,1,0.0112266,299920000.0,-5.020409008907537,-2,39836741.666666664,148702
7,2023-04-16,99924936.72081405,1,0.01300277,299920000.0,-5.020409008907537,-2,39836408.333333336,148703
8,2023-04-16,99926819.37419239,0,-0.75784431,399880000.0,-7.530699106398837,-3,39836033.333333336,148704
9,2023-04-16,99888827.56062078,1,0.00831347,399880000.0,-7.530699106398837,-3,39835766.666666664,148705
10,2023-04-16,99890082.6771385,1,0.00829053,399880000.0,-7.530699106398837,-3,39835600.0,148706
11,2023-04-16,99891337.79365623,1,0.00247844,399880000.0,-7.530699106398837,-3,39835433.333333336,148707
12,2023-04-16,99891714.32861155,1,0.01400454,399880000.0,-7.530699106398837,-3,39835383.333333336,148708
13,2023-04-16,99893848.02669168,1,0.01314247,399880000.0,-7.530699106398837,-3,39835100.0,148709
14,2023-04-16,99895856.21312004,1,0.00502731,399880000.0,-7.530699106398837,-3,39834833.333333336,148710
15,2023-04-16,99896546.52720487,1,0.00550393,399880000.0,-7.530699106398837,-3,39834741.666666664,148711
16,2023-04-16,99897299.59711546,1,0.00091876,399880000.0,-7.530699106398837,-3,39834641.666666664,148712
17,2023-04-16,99897425.10876721,2,-3.06803149,-262567.92118924856,2.5103788475478304,1,39834625.0,148713
18,2023-04-16,99737390.2391633,2,-0.72774041,-100302567.92118925,5.0207587454297595,2,39834608.333333336,148714
19,2023-04-16,99698310.71159992,1,0.00165871,-100302567.92118925,5.0207587454297595,2,39834791.666666664,148715
20,2023-04-16,99698561.74953717,1,0.00165571,-100302567.92118925,5.0207587454297595,2,39834841.666666664,148716
21,2023-04-16,99698812.78747445,1,0.00512063,-100302567.92118925,5.0207587454297595,2,39834891.666666664,148717
22,2023-04-16,99699565.90128627,0,-2.22464024,199579565.0477573,-2.5103525894809953,-1,39835041.666666664,148718
23,2023-04-16,99578895.62040009,0,-0.72171032,299539565.04775727,-5.020688374087491,-2,39835308.333333336,148719
24,2023-04-16,99538351.71249288,1,-0.00963355,299539565.04775727,-5.020688374087491,-2,39835416.666666664,148720
25,2023-04-16,99537807.8045857,1,-0.00958152,299539565.04775727,-5.020688374087491,-2,39835525.0,148721
26,2023-04-16,99537263.89667848,1,-0.01318741,299539565.04775727,-5.020688374087491,-2,39835633.333333336,148722
27,2023-04-16,99536510.79342237,0,-0.74140463,399499565.04775727,-7.530994225568592,-3,39835783.333333336,148723
28,2023-04-16,99496761.82656324,1,0.00041487,399499565.04775727,-7.530994225568592,-3,39835750.0,148724
29,2023-04-16,99496824.58484846,0,-0.73929254,499459565.04775727,-10.041302702733885,-4,39835741.666666664,148725
30,2023-04-16,99458247.10273129,1,0.00713751,499459565.04775727,-10.041302702733885,-4,39835600.0,148726
31,2023-04-16,99459334.91052413,1,0.01147787,499459565.04775727,-10.041302702733885,-4,39835491.666666664,148727
32,2023-04-16,99461092.13849711,2,-3.35786138,-738907.2506665587,2.510335259457793,1,39835316.666666664,148728
33,2023-04-16,99260653.44066304,1,-0.00801914,-738907.2506665587,2.510335259457793,1,39835141.666666664,148729
34,2023-04-16,99260172.29307166,1,-0.00746877,-738907.2506665587,2.510335259457793,1,39834950.0,148730
35,2023-04-16,99259732.98440124,0,-1.30016418,199179733.5283072,-2.510369394580489,-1,39834775.0,148731
36,2023-04-16,99180340.20091088,1,0.00237848,199179733.5283072,-2.510369394580489,-1,39834533.333333336,148732
37,2023-04-16,99180779.51555493,1,0.00213704,199179733.5283072,-2.510369394580489,-1,39834358.333333336,148733
38,2023-04-16,99181176.99070908,1,0.00273404,199179733.5283072,-2.510369394580489,-1,39834200.0,148734
39,2023-04-16,99181616.30535313,0,-0.71116918,299139733.5283072,-5.020786054709612,-2,39834025.0,148735
40,2023-04-16,99142411.26314515,0,-0.69014978,399099733.5283072,-7.53121269334876,-3,39833866.666666664,148736
41,2023-04-16,99103289.90462601,2,-2.59284183,-1056708.672823429,2.510433991276242,1,39833750.0,148737
42,2023-04-16,98943605.13142549,1,0.00283421,-1056708.672823429,2.510433991276242,1,39833875.0,148738
43,2023-04-16,98944086.29794046,2,-0.68465333,-101096708.67282343,5.020848025494859,2,39834066.666666664,148739
44,2023-04-16,98905341.50994682,1,0.01035353,-101096708.67282343,5.020848025494859,2,39834316.666666664,148740
45,2023-04-16,98907098.80675575,1,0.00838091,-101096708.67282343,5.020848025494859,2,39834666.666666664,148741
46,2023-04-16,98908521.38036299,0,-1.95790096,198788519.28834173,-2.510358366208568,-1,39834950.0,148742
47,2023-04-16,98787766.18083188,1,-0.01354566,198788519.28834173,-2.510358366208568,-1,39835250.0,148743
48,2023-04-16,98786929.3947098,1,-0.01521419,198788519.28834173,-2.510358366208568,-1,39835583.333333336,148744
49,2023-04-16,98785988.01032247,1,-0.01012881,198788519.28834173,-2.510358366208568,-1,39835958.333333336,148745
50,2023-04-16,98785360.42073092,1,-0.0077507,198788519.28834173,-2.510358366208568,-1,39836208.333333336,148746
51,2023-04-16,98784879.26871073,1,-0.00538318,198788519.28834173,-2.510358366208568,-1,39836400.0,148747
52,2023-04-16,98784544.5542619,1,-0.00586281,198788519.28834173,-2.510358366208568,-1,39836533.333333336,148748
53,2023-04-16,98784188.92016003,0,-0.73507528,298748519.28834176,-5.020608029364441,-2,39836675.0,148749
54,2023-04-16,98743268.47535467,0,-0.79504934,398708519.28834176,-7.530846140092299,-3,39836858.333333336,148750
55,2023-04-16,98700256.13689864,1,-0.04056457,398708519.28834176,-7.530846140092299,-3,39837258.333333336,148751
56,2023-04-16,98698059.64010781,1,-0.04165115,398708519.28834176,-7.530846140092299,-3,39837550.0,148752
57,2023-04-16,98695800.38626575,1,-0.05999791,398708519.28834176,-7.530846140092299,-3,39837850.0,148753
58,2023-04-16,98692537.01960504,0,-0.80308161,498668519.28834176,-10.040994460572975,-4,39838283.333333336,148754
59,2023-04-16,98647349.17246711,1,-0.10065505,498668519.28834176,-10.040994460572975,-4,39838800.0,148755
60,2023-04-16,98641659.27560616,1,-0.10459737,498668519.28834176,-10.040994460572975,-4,39839366.666666664,148756
61,2023-04-16,98635718.35388362,2,-3.04668488,-1564294.7664901614,2.5100427857709855,1,39839958.333333336,148757
62,2023-04-16,98437441.34643665,1,0.00900759,-1564294.7664901614,2.5100427857709855,1,39840650.0,148758
63,2023-04-16,98439198.37638669,0,-1.1922757,198359196.97912955,-2.5099551094528674,-1,39841350.0,148759
64,2023-04-16,98357607.34089357,1,-0.01313559,198359196.97912955,-2.5099551094528674,-1,39841983.333333336,148760
65,2023-04-16,98356707.94031268,1,-0.01188835,198359196.97912955,-2.5099551094528674,-1,39842341.666666664,148761
66,2023-04-16,98355913.12119468,1,-0.01000472,198359196.97912955,-2.5099551094528674,-1,39842658.333333336,148762
67,2023-04-16,98355243.79983217,2,-1.12660256,-1724757.7814395428,2.509855890349416,1,39842925.0,148763
68,2023-04-16,98276141.58358784,1,0.00188654,-1724757.7814395428,2.509855890349416,1,39843283.333333336,148764
69,2023-04-16,98276538.97743714,2,-0.56624474,-101764757.78143954,5.0196792343418295,2,39843441.666666664,148765
70,2023-04-16,98236748.13073859,2,-0.53675342,-201804757.78143954,7.529499953664814,3,39843483.333333336,148766
71,2023-04-16,98198128.5390634,1,0.00058079,-201804757.78143954,7.529499953664814,3,39843666.666666664,148767
72,2023-04-16,98198254.03072935,0,-2.07579001,198038252.8260045,-2.5098081209861367,-1,39843683.333333336,148768
73,2023-04-16,98038190.08080149,1,0.00108436,198038252.8260045,-2.5098081209861367,-1,39843708.333333336,148769
74,2023-04-16,98038441.06161359,1,0.00045154,198038252.8260045,-2.5098081209861367,-1,39843608.333333336,148770
75,2023-04-16,98038545.63695197,0,-0.50656725,297998252.8260045,-5.019623590986731,-2,39843566.666666664,148771
76,2023-04-16,97998587.46714854,1,-0.01006013,297998252.8260045,-5.019623590986731,-2,39843558.333333336,148772
77,2023-04-16,97997792.69341332,1,-0.01638534,297998252.8260045,-5.019623590986731,-2,39843716.666666664,148773
78,2023-04-16,97996495.95731899,1,-0.00633873,297998252.8260045,-5.019623590986731,-2,39843975.0,148774
79,2023-04-16,97995993.99495989,0,-0.52183078,397958252.8260045,-7.52940704059624,-3,39844075.0,148775
80,2023-04-16,97953735.17284769,1,-0.02785877,397958252.8260045,-7.52940704059624,-3,39844375.0,148776
81,2023-04-16,97951476.35073549,1,-0.02611074,397958252.8260045,-7.52940704059624,-3,39844675.0,148777
82,2023-04-16,97949531.25391668,0,-0.55751006,497918252.8260045,-10.039136424842502,-4,39844933.333333336,148778
83,2023-04-16,97907941.72398275,0,-0.58727251,597878252.8260045,-12.548855836120888,-5,39845091.666666664,148779
84,2023-04-16,97863026.75544691,1,-0.05728271,597878252.8260045,-12.548855836120888,-5,39845483.333333336,148780
85,2023-04-16,97858634.6559043,1,-0.04897922,597878252.8260045,-12.548855836120888,-5,39845833.333333336,148781
86,2023-04-16,97854869.99915344,0,-0.05664073,597878252.8260045,-12.548855836120888,-5,39846133.333333336,148782
87,2023-04-16,97850791.62100667,1,-0.1183906,597878252.8260045,-12.548855836120888,-5,39846458.333333336,148783
88,2023-04-16,97842425.717116,1,-0.12810364,597878252.8260045,-12.548855836120888,-5,39847125.0,148784
89,2023-04-16,97833327.7966348,1,-0.14784904,597878252.8260045,-12.548855836120888,-5,39847850.0,148785
90,2023-04-16,97822765.84297276,2,-2.9254147,-2417256.3518204093,2.509492678868796,1,39848691.666666664,148786
91,2023-04-16,97584876.71695663,0,-0.99362962,197504875.86372912,-2.5094391508057914,-1,39849541.666666664,148787
92,2023-04-16,97502303.68859954,1,-0.02990705,197504875.86372912,-2.5094391508057914,-1,39850566.666666664,148788
93,2023-04-16,97499815.16144165,1,-0.02866798,197504875.86372912,-2.5094391508057914,-1,39851558.333333336,148789
94,2023-04-16,97497473.01823425,1,-0.0268313,197504875.86372912,-2.5094391508057914,-1,39852491.666666664,148790
95,2023-04-16,97495277.2589773,1,-0.02142671,197504875.86372912,-2.5094391508057914,-1,39853366.666666664,148791
96,2023-04-16,97493520.65157174,0,-0.5724334,297464875.8637291,-5.018593381825294,-2,39854066.666666664,148792
97,2023-04-16,97450342.20909658,1,-0.0453906,297464875.8637291,-5.018593381825294,-2,39854700.0,148793
98,2023-04-16,97446912.8369523,1,-0.05579148,297464875.8637291,-5.018593381825294,-2,39855383.333333336,148794
99,2023-04-16,97442688.85418928,1,-0.05992348,297464875.8637291,-5.018593381825294,-2,39856225.0,148795
100,2023-04-16,97438339.40659171,1,-0.05459949,297464875.8637291,-5.018593381825294,-2,39857091.666666664,148796
101,2023-04-16,97434366.35349774,1,-0.03557244,297464875.8637291,-5.018593381825294,-2,39857883.333333336,148797
102,2023-04-16,97431773.41358382,2,-1.52833485,-2688239.827396244,2.5088814402986572,1,39858400.0,148798
103,2023-04-16,97312763.72517988,1,0.00439037,-2688239.827396244,2.5088814402986572,1,39858800.0,148799
104,2023-04-16,97313767.27775599,1,0.00336618,-2688239.827396244,2.5088814402986572,1,39859200.0,148800
105,2023-04-16,97314519.94218808,1,0.00246485,-2688239.827396244,2.5088814402986572,1,39859500.0,148801
106,2023-04-16,97315021.71847615,1,0.0033896,-2688239.827396244,2.5088814402986572,1,39859700.0,148802
107,2023-04-16,97315711.66087222,1,0.00168385,-2688239.827396244,2.5088814402986572,1,39859975.0,148803
108,2023-04-16,97316046.17839761,0,-1.15242996,197236044.46399528,-2.5087739141033443,-1,39860108.333333336,148804
109,2023-04-16,97235793.58660387,0,-0.56737412,297196044.4639953,-5.017541534275926,-2,39860208.333333336,148805
110,2023-04-16,97195291.83245045,1,-0.01385544,297196044.4639953,-5.017541534275926,-2,39860308.333333336,148806
111,2023-04-16,97194371.94983587,0,-0.62126625,397156044.4639953,-7.526291321816179,-3,39860491.666666664,148807
112,2023-04-16,97152051.34334493,0,-0.62487964,497116044.4639953,-10.035021703544594,-4,39860800.0,148808
113,2023-04-16,97108371.83538699,1,-0.05969071,497116044.4639953,-10.035021703544594,-4,39861166.666666664,148809
114,2023-04-16,97104190.57634377,0,-0.58494272,597076044.4639952,-12.543702785371499,-5,39861583.333333336,148810
115,2023-04-16,97062204.49006945,1,-0.03926355,597076044.4639952,-12.543702785371499,-5,39861741.666666664,148811
116,2023-04-16,97059382.15694273,2,-2.92627612,-3180624.5079800487,2.5086569570492845,1,39861966.666666664,148812
117,2023-04-16,96819877.22341137,0,-0.96390604,196739877.02271882,-2.5086443703929793,-1,39862166.666666664,148813
118,2023-04-16,96739396.19921447,2,-0.93062082,-3340603.9931149185,2.5086323082992035,1,39862358.333333336,148814
119,2023-04-16,96660294.9334622,1,0.00238078,-3340603.9931149185,2.5086323082992035,1,39862716.666666664,148815
120,2023-04-16,96660901.18627006,2,-0.46646678,-103380603.99311492,5.017226857750396,2,39862958.333333336,148816
121,2023-04-16,96620566.70447952,0,-1.31042898,196500566.23620048,-2.5085987448226184,-1,39862891.666666664,148817
122,2023-04-16,96500900.7160331,1,0.00342972,196500566.23620048,-2.5085987448226184,-1,39862758.333333336,148818
123,2023-04-16,96501820.53557289,1,0.00336209,196500566.23620048,-2.5085987448226184,-1,39862391.666666664,148819
124,2023-04-16,96502719.4501231,1,0.00125469,196500566.23620048,-2.5085987448226184,-1,39862033.333333336,148820
125,2023-04-16,96503053.92995575,0,-0.48124633,296460566.23620045,-5.017259897452071,-2,39861900.0,148821
126,2023-04-16,96463472.03494722,1,0.00084657,296460566.23620045,-5.017259897452071,-2,39861816.666666664,148822
127,2023-04-16,96463681.08744293,1,0.00211987,296460566.23620045,-5.017259897452071,-2,39861775.0,148823
128,2023-04-16,96464182.81343266,1,0.00282883,296460566.23620045,-5.017259897452071,-2,39861675.0,148824
129,2023-04-16,96464851.78141901,1,0.00212308,296460566.23620045,-5.017259897452071,-2,39861541.666666664,148825
130,2023-04-16,96465353.50740877,1,0.0079723,296460566.23620045,-5.017259897452071,-2,39861441.666666664,148826
131,2023-04-16,96467234.97987029,2,-1.49962707,-3652762.3526322246,2.5087135985656848,1,39861066.666666664,148827
132,2023-04-16,96346673.1868081,1,-0.00961572,-3652762.3526322246,2.5087135985656848,1,39860841.666666664,148828
133,2023-04-16,96345899.66678187,1,-0.01193496,-3652762.3526322246,2.5087135985656848,1,39860533.333333336,148829
134,2023-04-16,96344958.89918241,0,-0.98048042,196264959.8106817,-2.5087707671340156,-1,39860158.333333336,148830
135,2023-04-16,96266026.03825773,1,0.00563028,196264959.8106817,-2.5087707671340156,-1,39859733.333333336,148831
136,2023-04-16,96267384.95575662,1,0.00841483,196264959.8106817,-2.5087707671340156,-1,39859191.666666664,148832
137,2023-04-16,96269245.62740889,0,-0.47353003,296224959.8106817,-5.01764906019358,-2,39858450.0,148833
138,2023-04-16,96233636.07033655,1,0.01932122,296224959.8106817,-5.01764906019358,-2,39857575.0,148834
139,2023-04-16,96237984.69952205,2,-1.55980317,-3882010.0905224085,2.508987926541015,1,39856708.333333336,148835
140,2023-04-16,96115606.37094738,1,-0.03460849,-3882010.0905224085,2.508987926541015,1,39855758.333333336,148836
141,2023-04-16,96112888.30069362,1,-0.03962841,-3882010.0905224085,2.508987926541015,1,39854675.0,148837
142,2023-04-16,96109772.97401817,1,-0.04116443,-3882010.0905224085,2.508987926541015,1,39853433.333333336,148838
143,2023-04-16,96106532.19794637,1,-0.04555103,-3882010.0905224085,2.508987926541015,1,39852141.666666664,148839
144,2023-04-16,96103019.61484921,1,-0.04470884,-3882010.0905224085,2.508987926541015,1,39850741.666666664,148840
145,2023-04-16,96099569.75645022,0,-0.95379693,196019577.12451142,-2.5094501711026775,-1,39849366.666666664,148841
146,2023-04-16,96023006.70641193,1,0.01502771,196019577.12451142,-2.5094501711026775,-1,39848000.0,148842
147,2023-04-16,96026540.84873624,0,-0.41117071,295979577.1245114,-5.019075105564868,-2,39846591.666666664,148843
148,2023-04-16,95994529.54327926,1,0.03443187,295979577.1245114,-5.019075105564868,-2,39845000.0,148844
149,2023-04-16,96002518.23782226,1,0.0361092,295979577.1245114,-5.019075105564868,-2,39843408.333333336,148845
150,2023-04-16,96010841.53737235,1,0.03341857,295979577.1245114,-5.019075105564868,-2,39841750.0,148846
151,2023-04-16,96018495.62690833,1,0.03463845,295979577.1245114,-5.019075105564868,-2,39840225.0,148847
152,2023-04-16,96026358.8445737,2,-1.5416525,-4093622.442738265,2.510124692535872,1,39838658.333333336,148848
153,2023-04-16,95902319.52234212,2,-0.57815365,-104133622.44273826,5.020351250942046,2,39837041.666666664,148849
154,2023-04-16,95854914.50424698,1,-0.10574524,-104133622.44273826,5.020351250942046,2,39835566.666666664,148850
155,2023-04-16,95847258.46858928,0,-1.56899554,195727266.11622477,-2.510415609764262,-1,39834041.666666664,148851
156,2023-04-16,95731491.98250118,0,-0.42286364,295687266.11622477,-5.02093731081845,-2,39832358.333333336,148852
157,2023-04-16,95699776.52906406,0,-0.36173646,395647266.11622477,-7.531563011047649,-3,39830708.333333336,148853
158,2023-04-16,95672266.37105739,0,-0.32493278,495607266.11622477,-10.042293244382364,-4,39829050.0,148854
159,2023-04-16,95647246.12514687,1,0.05991418,495607266.11622477,-10.042293244382364,-4,39827558.333333336,148855
160,2023-04-16,95660970.59258091,1,0.05462158,495607266.11622477,-10.042293244382364,-4,39826191.666666664,148856
161,2023-04-16,95673105.03025115,0,-0.32995985,595567266.1162248,-12.553279857057237,-5,39824983.333333336,148857
162,2023-04-16,95648378.18741071,2,-2.86174706,-4591589.3677607775,2.511063326506031,1,39823766.666666664,148858
163,2023-04-16,95405460.13283058,1,-0.03404385,-4591589.3677607775,2.511063326506031,1,39822591.666666664,148859
164,2023-04-16,95402572.4100051,1,-0.03332256,-4591589.3677607775,2.511063326506031,1,39821441.666666664,148860
165,2023-04-16,95399747.46376278,1,-0.02838849,-4591589.3677607775,2.511063326506031,1,39820316.666666664,148861
166,2023-04-16,95397341.02807488,1,-0.03037603,-4591589.3677607775,2.511063326506031,1,39819358.333333336,148862
167,2023-04-16,95394913.66685924,0,-0.93609849,195314919.0656454,-2.511402289603611,-1,39818391.666666664,148863
168,2023-04-16,95317032.82923914,0,-0.42855548,295274919.0656454,-5.022857665436629,-2,39817550.0,148864
169,2023-04-16,95280716.25819382,1,0.0069194,295274919.0656454,-5.022857665436629,-2,39816816.666666664,148865
170,2023-04-16,95282474.25837675,1,0.007418,295274919.0656454,-5.022857665436629,-2,39816466.666666664,148866
171,2023-04-16,95284357.83000126,1,0.00643304,295274919.0656454,-5.022857665436629,-2,39816091.666666664,148867
172,2023-04-16,95285990.25874254,2,-1.39984386,-4834005.312780201,2.5115678629822527,1,39815766.666666664,148868
173,2023-04-16,95165220.28712873,0,-0.90144108,195085220.59688878,-2.5115873127166894,-1,39815458.333333336,148869
174,2023-04-16,95085995.00297688,1,0.00357532,195085220.59688878,-2.5115873127166894,-1,39815150.0,148870
175,2023-04-16,95086936.84821916,0,-0.42931616,295045220.5968888,-5.023217731323852,-2,39814775.0,148871
176,2023-04-16,95049322.87664154,2,-1.33776865,-5070675.482446551,2.5116603833296076,1,39814300.0,148872
177,2023-04-16,94927775.66031706,1,-0.02052427,-5070675.482446551,2.5116603833296076,1,39813683.333333336,148873
178,2023-04-16,94925912.84553275,1,-0.02935681,-5070675.482446551,2.5116603833296076,1,39812941.666666664,148874
179,2023-04-16,94923296.53263345,1,-0.0317053,-5070675.482446551,2.5116603833296076,1,39811900.0,148875
180,2023-04-16,94920470.9147022,1,-0.02457034,-5070675.482446551,2.5116603833296076,1,39810775.0,148876
181,2023-04-16,94918524.37790513,1,-0.02535364,-5070675.482446551,2.5116603833296076,1,39810000.0,148877
182,2023-04-16,94916598.77161124,0,-1.03481777,194836603.86190963,-2.511980051529084,-1,39809233.333333336,148878
183,2023-04-16,94838027.31727217,1,0.00698813,194836603.86190963,-2.511980051529084,-1,39808666.666666664,148879
184,2023-04-16,94839618.23797145,0,-0.48556849,294796603.8619096,-5.02403582586609,-2,39808033.333333336,148880
185,2023-04-16,94802841.99429306,1,0.01244585,294796603.8619096,-5.02403582586609,-2,39807391.666666664,148881
186,2023-04-16,94805479.61310166,0,-0.50018929,394756603.8619096,-7.536165223976633,-3,39806866.666666664,148882
187,2023-04-16,94769373.2984674,0,-0.4735846,494716603.8619096,-10.048327228279966,-4,39806350.0,148883
188,2023-04-16,94734481.19814181,1,0.01784206,494716603.8619096,-10.048327228279966,-4,39805841.666666664,148884
189,2023-04-16,94738416.79297286,1,0.01439401,494716603.8619096,-10.048327228279966,-4,39805450.0,148885
190,2023-04-16,94741515.0272016,1,0.00505994,494716603.8619096,-10.048327228279966,-4,39805141.666666664,148886
191,2023-04-16,94742603.59598464,1,0.01091002,494716603.8619096,-10.048327228279966,-4,39805033.333333336,148887
192,2023-04-16,94744948.20567125,1,0.00935874,494716603.8619096,-10.048327228279966,-4,39804800.0,148888
193,2023-04-16,94746957.87111688,2,-2.50218931,-5453029.987279415,2.5122724509227576,1,39804600.0,148889
194,2023-04-16,94546949.07711682,1,-0.00026165,-5453029.987279415,2.5122724509227576,1,39804591.666666664,148890
195,2023-04-16,94546928.14151308,1,0.00065148,-5453029.987279415,2.5122724509227576,1,39804583.333333336,148891
196,2023-04-16,94547074.69073936,2,-0.51779489,-105493029.98727942,5.0245422720512405,2,39804641.666666664,148892
197,2023-04-16,94507409.6602242,1,-0.0010937,-105493029.98727942,5.0245422720512405,2,39804708.333333336,148893
198,2023-04-16,94507325.917853,1,-0.00228535,-105493029.98727942,5.0245422720512405,2,39804691.666666664,148894
199,2023-04-16,94507158.4331106,0,-1.53173123,194387158.35774246,-2.5122687692123136,-1,39804658.333333336,148895
200,2023-04-16,94387158.35774246,1,-0.00480443,194387158.35774246,-2.5122687692123136,-1,39804658.333333336,148896
201,2023-04-16,94386781.51742707,0,-0.532218,294347158.3577424,-5.02452807121875,-2,39804808.333333336,148897
202,2023-04-16,94344897.31940034,1,-0.02651213,294347158.3577424,-5.02452807121875,-2,39805183.333333336,148898
203,2023-04-16,94342803.76603734,1,-0.04243826,294347158.3577424,-5.02452807121875,-2,39805600.0,148899
204,2023-04-16,94339663.43599284,2,-1.5075702,-5780339.561975867,2.5121698930255256,1,39806225.0,148900
205,2023-04-16,94220811.84922512,0,-0.98125744,194140811.38866064,-2.512140967953036,-1,39806683.333333336,148901
206,2023-04-16,94140288.025959,1,-0.00996141,194140811.38866064,-2.512140967953036,-1,39806891.666666664,148902
207,2023-04-16,94139471.58014442,1,-0.00562799,194140811.38866064,-2.512140967953036,-1,39807216.666666664,148903
208,2023-04-16,94139011.02096696,1,-0.00563657,194140811.38866064,-2.512140967953036,-1,39807400.0,148904
209,2023-04-16,94138550.46178949,1,-0.00506466,194140811.38866064,-2.512140967953036,-1,39807583.333333336,148905
210,2023-04-16,94138152.70613624,0,-0.51363284,294100811.38866067,-5.024215147828851,-2,39807741.666666664,148906
211,2023-04-16,94096854.78388977,1,-0.00582323,294100811.38866067,-5.024215147828851,-2,39808000.0,148907
212,2023-04-16,94096394.23083454,1,-0.00263554,294100811.38866067,-5.024215147828851,-2,39808091.666666664,148908
213,2023-04-16,94096184.88853669,1,-0.0225459,294100811.38866067,-5.024215147828851,-2,39808133.333333336,148909
214,2023-04-16,94094384.54477543,1,-0.02920971,294100811.38866067,-5.024215147828851,-2,39808491.666666664,148910
215,2023-04-16,94092039.91103974,1,-0.02750097,294100811.38866067,-5.024215147828851,-2,39808958.333333336,148911
216,2023-04-16,94089820.8826828,0,-0.59122841,394060811.38866067,-7.536184682662332,-3,39809400.0,148912
217,2023-04-16,94044043.14109278,0,-0.62021493,494020811.38866067,-10.048105841830218,-4,39810166.666666664,148913
218,2023-04-16,93996004.65641928,1,-0.05631594,494020811.38866067,-10.048105841830218,-4,39810966.666666664,148914
219,2023-04-16,93991650.47722113,1,-0.04266125,494020811.38866067,-10.048105841830218,-4,39811400.0,148915
220,2023-04-16,93988552.31125325,0,-0.57898382,593980811.3886607,-12.559929729484708,-5,39811708.333333336,148916
221,2023-04-16,93946249.65746957,2,-2.91623712,-6293764.1672228575,2.5118123207324783,1,39811891.666666664,148917
222,2023-04-16,93707512.67070687,0,-0.95635782,193627512.1599717,-2.511780249369543,-1,39812400.0,148918
223,2023-04-16,93627009.80392183,0,-0.47048152,293587512.1599717,-5.023547880722432,-2,39812600.0,148919
224,2023-04-16,93586339.99753773,1,-0.01876255,293587512.1599717,-5.023547880722432,-2,39812733.333333336,148920
225,2023-04-16,93584707.34447649,0,-0.46688202,393547512.1599717,-7.535286596265301,-3,39813058.333333336,148921
226,2023-04-16,93543765.43365192,1,-0.010519,393547512.1599717,-7.535286596265301,-3,39813183.333333336,148922
227,2023-04-16,93542949.11093736,1,-0.02833087,393547512.1599717,-7.535286596265301,-3,39813291.666666664,148923
228,2023-04-16,93540751.31901342,2,-1.90402649,-6619251.385322928,2.511705594614903,1,39813583.333333336,148924
229,2023-04-16,93380560.23675749,1,-0.01095455,-6619251.385322928,2.511705594614903,1,39813508.333333336,148925
230,2023-04-16,93379639.27803944,2,-0.48672665,-106659251.38532293,5.023439052809298,2,39813141.666666664,148926
231,2023-04-16,93337922.9363631,0,-1.36116224,193217924.06663445,-2.5117550134630067,-1,39812800.0,148927
232,2023-04-16,93218928.76863983,1,0.00398157,193217924.06663445,-2.5117550134630067,-1,39812400.0,148928
233,2023-04-16,93219954.40193701,1,0.00398015,193217924.06663445,-2.5117550134630067,-1,39811991.666666664,148929
234,2023-04-16,93220980.03523417,1,0.00259776,193217924.06663445,-2.5117550134630067,-1,39811583.333333336,148930
235,2023-04-16,93221649.8365711,2,-0.89807029,-6858348.673120931,2.5118485991629687,1,39811316.666666664,148931
236,2023-04-16,93141400.14201915,1,0.00256585,-6858348.673120931,2.5118485991629687,1,39811216.666666664,148932
237,2023-04-16,93142049.03624062,1,0.00094768,-6858348.673120931,2.5118485991629687,1,39811475.0,148933
238,2023-04-16,93142279.28902887,0,-0.9523621,193062279.037844,-2.5118328258035563,-1,39811566.666666664,148934
239,2023-04-16,93061923.19486034,1,-0.0141471,193062279.037844,-2.5118328258035563,-1,39811708.333333336,148935
240,2023-04-16,93060751.0062083,0,-0.50701206,293022279.037844,-5.023627270593373,-2,39812175.0,148936
241,2023-04-16,93020457.96128416,1,-0.00421757,293022279.037844,-5.023627270593373,-2,39812233.333333336,148937
242,2023-04-16,93020123.05279946,1,-0.01477269,293022279.037844,-5.023627270593373,-2,39812300.0,148938
243,2023-04-16,93018950.873103,1,-0.03429563,293022279.037844,-5.023627270593373,-2,39812533.333333336,148939
244,2023-04-16,93016229.74166477,1,-0.02058077,293022279.037844,-5.023627270593373,-2,39813075.0,148940
245,2023-04-16,93014597.06280181,1,-0.0131989,293022279.037844,-5.023627270593373,-2,39813400.0,148941
246,2023-04-16,93013550.4737871,1,-0.01375942,293022279.037844,-5.023627270593373,-2,39813608.333333336,148942
247,2023-04-16,93012503.88477242,0,-0.5141624,392982279.037844,-7.535318145076227,-3,39813816.666666664,148943
248,2023-04-16,92972503.88477242,1,-0.00082335,392982279.037844,-7.535318145076227,-3,39813816.666666664,148944
249,2023-04-16,92972441.09045452,1,0.00356431,392982279.037844,-7.535318145076227,-3,39813825.0,148945
250,2023-04-16,92973257.41658688,1,0.00391757,392982279.037844,-7.535318145076227,-3,39813716.666666664,148946
251,2023-04-16,92974136.53703713,0,-0.5441394,492942279.037844,-10.047022688247404,-4,39813600.0,148947
252,2023-04-16,92933299.28514642,1,-0.01001436,492942279.037844,-10.047022688247404,-4,39813683.333333336,148948
253,2023-04-16,92932545.75844485,1,-0.00999304,492942279.037844,-10.047022688247404,-4,39813758.333333336,148949
254,2023-04-16,92931792.23174322,1,-0.01109158,492942279.037844,-10.047022688247404,-4,39813833.333333336,148950
255,2023-04-16,92930954.97985256,1,-0.01328533,492942279.037844,-10.047022688247404,-4,39813916.666666664,148951
256,2023-04-16,92929950.27758372,1,-0.04635753,492942279.037844,-10.047022688247404,-4,39814016.666666664,148952
257,2023-04-16,92926433.81964284,2,-2.62317329,-7273572.518444419,2.5116561777113957,1,39814366.666666664,148953
258,2023-04-16,92727578.6573037,2,-0.48825487,-107313572.51844442,5.0232834421788395,2,39814825.0,148954
259,2023-04-16,92689797.27415732,1,0.00884495,-107313572.51844442,5.0232834421788395,2,39815266.666666664,148955
260,2023-04-16,92691848.44822955,1,0.00535271,-107313572.51844442,5.0232834421788395,2,39815675.0,148956
261,2023-04-16,92693062.40839472,1,0.00646569,-107313572.51844442,5.0232834421788395,2,39815916.666666664,148957
262,2023-04-16,92694527.53273204,1,0.00536137,-107313572.51844442,5.0232834421788395,2,39816208.333333336,148958
263,2023-04-16,92695741.49289724,0,-1.58685416,192575737.7672927,-2.5115247592389576,-1,39816450.0,148959
264,2023-04-16,92575988.91976865,1,-0.00610114,192575737.7672927,-2.5115247592389576,-1,39816350.0,148960
265,2023-04-16,92575528.47356278,2,-1.01894739,-7504471.610154703,2.511519502786112,1,39816533.333333336,148961
266,2023-04-16,92497077.16020533,1,0.00562827,-7504471.610154703,2.511519502786112,1,39817150.0,148962
267,2023-04-16,92498374.7786151,1,0.00873914,-7504471.610154703,2.511519502786112,1,39817666.666666664,148963
268,2023-04-16,92500383.99421734,1,0.00779331,-7504471.610154703,2.511519502786112,1,39818466.666666664,148964
269,2023-04-16,92502058.34055254,1,0.00552286,-7504471.610154703,2.511519502786112,1,39819133.333333336,148965
270,2023-04-16,92503188.5243288,1,0.00327578,-7504471.610154703,2.511519502786112,1,39819583.333333336,148966
271,2023-04-16,92503858.26286286,1,0.00655878,-7504471.610154703,2.511519502786112,1,39819850.0,148967
272,2023-04-16,92505197.73993102,1,0.00605265,-7504471.610154703,2.511519502786112,1,39820383.333333336,148968
273,2023-04-16,92506432.57035322,1,0.00318225,-7504471.610154703,2.511519502786112,1,39820875.0,148969
274,2023-04-16,92507081.37955812,0,-1.16508762,192427076.75836223,-2.511229380714093,-1,39821133.333333336,148970
275,2023-04-16,92425967.63205244,0,-0.61562327,292387076.75836223,-5.022430909031343,-2,39821575.0,148971
276,2023-04-16,92381991.54091614,1,-0.03627596,292387076.75836223,-5.022430909031343,-2,39822366.666666664,148972
277,2023-04-16,92379396.61827978,2,-1.56441312,-7740606.45377624,2.511119025786263,1,39822883.333333336,148973
278,2023-04-16,92259812.06606139,1,0.00255914,-7740606.45377624,2.511119025786263,1,39823050.0,148974
279,2023-04-16,92260397.99383408,1,0.00228837,-7740606.45377624,2.511119025786263,1,39823283.333333336,148975
280,2023-04-16,92260921.1436311,1,-0.00366095,-7740606.45377624,2.511119025786263,1,39823491.666666664,148976
281,2023-04-16,92260649.10573666,1,-0.00260438,-7740606.45377624,2.511119025786263,1,39823383.333333336,148977
282,2023-04-16,92260460.77180973,1,0.00270855,-7740606.45377624,2.511119025786263,1,39823308.333333336,148978
283,2023-04-16,92261046.6995824,1,0.00271433,-7740606.45377624,2.511119025786263,1,39823541.666666664,148979
284,2023-04-16,92261632.62735508,1,-0.00327891,-7740606.45377624,2.511119025786263,1,39823775.0,148980
285,2023-04-16,92261402.4414444,1,-0.00867918,-7740606.45377624,2.511119025786263,1,39823683.333333336,148981
286,2023-04-16,92260879.29164734,1,-0.0084524,-7740606.45377624,2.511119025786263,1,39823475.0,148982
287,2023-04-16,92260397.99383408,1,-0.02043603,-7740606.45377624,2.511119025786263,1,39823283.333333336,148983
288,2023-04-16,92259267.99027248,1,0.00176864,-7740606.45377624,2.511119025786263,1,39822833.333333336,148984
289,2023-04-16,92259560.95415881,1,-0.00899142,-7740606.45377624,2.511119025786263,1,39822950.0,148985
290,2023-04-16,92259079.65634555,1,0.00300017,-7740606.45377624,2.511119025786263,1,39822758.333333336,148986
291,2023-04-16,92259560.95415881,1,0.00614602,-7740606.45377624,2.511119025786263,1,39822950.0,148987
292,2023-04-16,92260544.47577724,0,-1.6171612,192180544.01540542,-2.5110901249079007,-1,39823341.666666664,148988
293,2023-04-16,92179623.2823596,1,-0.02466668,192180544.01540542,-2.5110901249079007,-1,39823708.333333336,148989
294,2023-04-16,92178388.6630482,1,-0.03287207,192180544.01540542,-2.5110901249079007,-1,39824200.0,148990
295,2023-04-16,92176798.30596907,1,-0.04185347,192180544.01540542,-2.5110901249079007,-1,39824833.333333336,148991
296,2023-04-16,92174977.76562852,0,-0.95060319,292140544.0154054,-5.022040484047038,-2,39825558.333333336,148992
297,2023-04-16,92131880.84066337,1,-0.0882094,292140544.0154054,-5.022040484047038,-2,39826175.0,148993
298,2023-04-16,92127863.20827615,1,-0.08236205,292140544.0154054,-5.022040484047038,-2,39826975.0,148994
299,2023-04-16,92124096.67791313,0,-1.00898115,392100544.0154054,-7.5328542450640175,-3,39827725.0,148995
300,2023-04-16,92079451.41779536,1,-0.17592821,392100544.0154054,-7.5328542450640175,-3,39828341.666666664,148996
301,2023-04-16,92071604.69462335,1,-0.13989211,392100544.0154054,-7.5328542450640175,-3,39829383.333333336,148997
302,2023-04-16,92065327.31608588,2,-3.2907453,-8094686.770593822,2.5106566915486694,1,39830216.666666664,148998
303,2023-04-16,91906966.07839479,1,0.00537111,-8094686.770593822,2.5106566915486694,1,39830875.0,148999
304,2023-04-16,91907740.19754136,1,0.01280633,-8094686.770593822,2.5106566915486694,1,39831183.333333336,149000
305,2023-04-16,91909518.57936452,1,0.01237719,-8094686.770593822,2.5106566915486694,1,39831891.666666664,149001
306,2023-04-16,91911234.19477043,1,0.01635227,-8094686.770593822,2.5106566915486694,1,39832575.0,149002
307,2023-04-16,91913493.78579281,1,0.0167311,-8094686.770593822,2.5106566915486694,1,39833475.0,149003
308,2023-04-16,91915795.22109339,1,0.02046402,-8094686.770593822,2.5106566915486694,1,39834391.666666664,149004
309,2023-04-16,91918598.7877323,1,0.02007525,-8094686.770593822,2.5106566915486694,1,39835508.333333336,149005
310,2023-04-16,91921339.58795391,0,-1.68018035,191841333.17741048,-2.5102543891797993,-1,39836600.0,149006
311,2023-04-16,91839199.46117969,0,-0.88085421,291801333.1774105,-5.0204552177970925,-2,39837450.0,149007
312,2023-04-16,91796019.83954176,1,-0.0629942,291801333.1774105,-5.0204552177970925,-2,39838083.333333336,149008
313,2023-04-16,91792923.89215747,1,-0.05770743,291801333.1774105,-5.0204552177970925,-2,39838700.0,149009
314,2023-04-16,91790078.96753404,0,-0.89562044,391761333.1774105,-7.530541581501913,-3,39839266.666666664,149010
315,2023-04-16,91744180.0432952,1,-0.07952979,391761333.1774105,-7.530541581501913,-3,39840050.0,149011
316,2023-04-16,91740226.5089649,1,-0.04287124,391761333.1774105,-7.530541581501913,-3,39840575.0,149012
317,2023-04-16,91738092.85551679,1,-0.03150147,391761333.1774105,-7.530541581501913,-3,39840858.333333336,149013
318,2023-04-16,91736523.99268734,2,-2.82450265,-8423485.930986524,2.509972959224653,1,39841066.666666664,149014
319,2023-04-16,91577204.31157728,2,-0.66335089,-108463485.93098652,5.019928593667185,2,39841341.666666664,149015
320,2023-04-16,91538752.12289366,1,0.02200649,-108463485.93098652,5.019928593667185,2,39841650.0,149016
321,2023-04-16,91542558.90207723,1,0.01131239,-108463485.93098652,5.019928593667185,2,39842408.333333336,149017
322,2023-04-16,91544232.21160841,1,0.01170257,-108463485.93098652,5.019928593667185,2,39842741.666666664,149018
323,2023-04-16,91545905.52113965,1,0.02695828,-108463485.93098652,5.019928593667185,2,39843075.0,149019
324,2023-04-16,91549754.13306144,1,0.01348753,-108463485.93098652,5.019928593667185,2,39843841.666666664,149020
325,2023-04-16,91551678.43902236,1,0.01555022,-108463485.93098652,5.019928593667185,2,39844225.0,149021
326,2023-04-16,91553895.57415122,1,0.0061596,-108463485.93098652,5.019928593667185,2,39844666.666666664,149022
327,2023-04-16,91554774.0616551,1,0.00098325,-108463485.93098652,5.019928593667185,2,39844841.666666664,149023
328,2023-04-16,91554899.55986995,1,0.00656333,-108463485.93098652,5.019928593667185,2,39844866.666666664,149024
329,2023-04-16,91555736.21463558,1,0.02746874,-108463485.93098652,5.019928593667185,2,39845033.333333336,149025
330,2023-04-16,91558957.3354832,1,0.02537355,-108463485.93098652,5.019928593667185,2,39845675.0,149026
331,2023-04-16,91561927.4599011,1,0.00678131,-108463485.93098652,5.019928593667185,2,39846266.666666664,149027
332,2023-04-16,91562722.28192842,1,0.0135614,-108463485.93098652,5.019928593667185,2,39846425.0,149028
333,2023-04-16,91564311.92598307,1,0.00642124,-108463485.93098652,5.019928593667185,2,39846741.666666664,149029
334,2023-04-16,91565064.91527215,1,-0.00534602,-108463485.93098652,5.019928593667185,2,39846891.666666664,149030
335,2023-04-16,91564855.75158074,1,-0.00960529,-108463485.93098652,5.019928593667185,2,39846850.0,149031
336,2023-04-16,91564479.25693622,2,-0.99234496,-208503485.93098652,7.529541981450763,3,39846775.0,149032
337,2023-04-16,91523851.79510438,1,0.02714999,-208503485.93098652,7.529541981450763,3,39846691.666666664,149033
338,2023-04-16,91527177.3428129,0,-3.63666963,191367165.07750338,-2.50959081958217,-1,39847133.333333336,149034
339,2023-04-16,91366663.15933946,0,-0.92978526,291327165.0775034,-5.019169043135397,-2,39847333.333333336,149035
340,2023-04-16,91325742.97834826,1,-0.05607896,291327165.0775034,-5.019169043135397,-2,39847516.666666664,149036
341,2023-04-16,91323275.22023538,1,-0.02890529,291327165.0775034,-5.019169043135397,-2,39848008.333333336,149037
342,2023-04-16,91322145.90720066,1,-0.05337592,291327165.0775034,-5.019169043135397,-2,39848233.333333336,149038
343,2023-04-16,91320054.58676603,1,-0.03409309,291327165.0775034,-5.019169043135397,-2,39848650.0,149039
344,2023-04-16,91318716.14168787,1,-0.04573849,291327165.0775034,-5.019169043135397,-2,39848916.666666664,149040
345,2023-04-16,91316917.60611409,1,-0.07001244,291327165.0775034,-5.019169043135397,-2,39849275.0,149041
346,2023-04-16,91314157.06314036,1,-0.07924782,291327165.0775034,-5.019169043135397,-2,39849825.0,149042
347,2023-04-16,91311020.08248839,0,-1.07364011,391287165.0775034,-7.528550994907586,-3,39850450.0,149043
348,2023-04-16,91266502.95189142,1,-0.03626742,391287165.0775034,-7.528550994907586,-3,39851050.0,149044
349,2023-04-16,91264997.24169248,1,-0.06182969,391287165.0775034,-7.528550994907586,-3,39851250.0,149045
350,2023-04-16,91262424.9867692,2,-3.3148221,-8897584.909267068,2.509310063107057,1,39851591.666666664,149046
351,2023-04-16,91102498.7344017,1,-0.00347028,-8897584.909267068,2.509310063107057,1,39851625.0,149047
352,2023-04-16,91102331.44706418,1,0.00101204,-8897584.909267068,2.509310063107057,1,39851558.333333336,149048
353,2023-04-16,91102477.82348451,2,-0.81199706,-108937584.90926707,5.0186185520558535,2,39851616.666666664,149049
354,2023-04-16,91061975.9616293,1,-0.00670311,-108937584.90926707,5.0186185520558535,2,39851516.666666664,149050
355,2023-04-16,91061641.38705918,1,-0.00753245,-108937584.90926707,5.0186185520558535,2,39851450.0,149051
356,2023-04-16,91061264.99066776,1,-0.01614409,-108937584.90926707,5.0186185520558535,2,39851375.0,149052
357,2023-04-16,91060512.19788498,1,-0.01615104,-108937584.90926707,5.0186185520558535,2,39851225.0,149053
358,2023-04-16,91059759.40510216,1,-0.02064904,-108937584.90926707,5.0186185520558535,2,39851075.0,149054
359,2023-04-16,91058797.50321302,0,-2.30808236,190938798.95024803,-2.509354665078524,-1,39850883.333333336,149055
360,2023-04-16,90940032.71629171,1,0.01011885,190938798.95024803,-2.509354665078524,-1,39850391.666666664,149056
361,2023-04-16,90941538.32909076,1,0.007057,190938798.95024803,-2.509354665078524,-1,39849791.666666664,149057
362,2023-04-16,90942583.89353453,1,0.00694393,190938798.95024803,-2.509354665078524,-1,39849375.0,149058
363,2023-04-16,90943608.54668944,2,-1.589138,-9136389.529471979,2.509475360716171,1,39848966.666666664,149059
364,2023-04-16,90863066.75086653,0,-1.47214184,190783066.9683544,-2.5094890053012957,-1,39848750.0,149060
365,2023-04-16,90784091.6763649,1,0.00692655,190783066.9683544,-2.5094890053012957,-1,39848341.666666664,149061
366,2023-04-16,90785200.0340089,1,0.01464239,190783066.9683544,-2.5094890053012957,-1,39847900.0,149062
367,2023-04-16,90787249.4500299,1,0.0131608,190783066.9683544,-2.5094890053012957,-1,39847083.333333336,149063
368,2023-04-16,90789089.74196713,0,-0.75942872,290743066.9683544,-5.019129160547635,-2,39846350.0,149064
369,2023-04-16,90752477.65415052,0,-0.69348672,390703066.9683544,-7.5288118299967035,-3,39845675.0,149065
370,2023-04-16,90717998.78282583,0,-0.68387209,490663066.9683544,-10.038540689347943,-4,39844941.666666664,149066
371,2023-04-16,90682934.39866471,1,0.0195898,490663066.9683544,-10.038540689347943,-4,39844450.0,149067
372,2023-04-16,90685945.96087152,1,0.05796688,490663066.9683544,-10.038540689347943,-4,39844150.0,149068
373,2023-04-16,90694813.33848047,1,0.06324412,490663066.9683544,-10.038540689347943,-4,39843266.666666664,149069
374,2023-04-16,90704433.60664105,2,-3.63831993,-9495549.846703589,2.5098947371063045,1,39842308.333333336,149070
375,2023-04-16,90501668.35329612,2,-0.76679436,-109535549.84670359,5.019859296406727,2,39841200.0,149071
376,2023-04-16,90458949.2628439,2,-0.71996664,-209575549.8467036,7.5298579807490835,3,39840658.333333336,149072
377,2023-04-16,90417694.28651375,2,-0.74307445,-309615549.8467036,10.039867165291025,4,39840491.666666664,149073
378,2023-04-16,90373845.67076707,1,-0.04241907,-309615549.8467036,10.039867165291025,4,39840108.333333336,149074
379,2023-04-16,90371419.36953545,1,0.00538244,-309615549.8467036,10.039867165291025,4,39839866.666666664,149075
380,2023-04-16,90372339.6906923,1,-0.0308352,-309615549.8467036,10.039867165291025,4,39839958.333333336,149076
381,2023-04-16,90370582.71393836,1,0.00588444,-309615549.8467036,10.039867165291025,4,39839783.333333336,149077
382,2023-04-16,90371586.70065492,1,0.01056218,-309615549.8467036,10.039867165291025,4,39839883.333333336,149078
383,2023-04-16,90373176.34628934,1,-0.03096914,-309615549.8467036,10.039867165291025,4,39840041.666666664,149079
384,2023-04-16,90371670.36621457,0,-3.50224059,190171675.47812945,-2.5100469859878722,-1,39839891.666666664,149080
385,2023-04-16,90171612.72695479,1,0.00085346,190171675.47812945,-2.5100469859878722,-1,39839916.666666664,149081
386,2023-04-16,90171759.14636229,0,-0.69471168,290131675.47812945,-5.0200960720894585,-2,39839858.333333336,149082
387,2023-04-16,90130796.9612818,1,-0.01343641,290131675.47812945,-5.0200960720894585,-2,39840050.0,149083
388,2023-04-16,90130002.11273706,1,0.00306147,290131675.47812945,-5.0200960720894585,-2,39840208.333333336,149084
389,2023-04-16,90130545.95647821,1,0.002352,290131675.47812945,-5.0200960720894585,-2,39840100.0,149085
390,2023-04-16,90130964.29781756,1,0.01059146,290131675.47812945,-5.0200960720894585,-2,39840016.666666664,149086
391,2023-04-16,90132846.8338446,2,-1.86162777,-9987152.69761309,2.5100627369263906,1,39839641.666666664,149087
392,2023-04-16,90013265.64617641,1,-0.00423023,-9987152.69761309,2.5100627369263906,1,39839808.333333336,149088
393,2023-04-16,90012993.72271323,1,0.00216542,-9987152.69761309,2.5100627369263906,1,39839700.0,149089
394,2023-04-16,90013412.06650272,1,0.0023781,-9987152.69761309,2.5100627369263906,1,39839866.666666664,149090
395,2023-04-16,90013872.24467115,1,-0.00162049,-9987152.69761309,2.5100627369263906,1,39840050.0,149091
396,2023-04-16,90013767.65872379,1,0.00291495,-9987152.69761309,2.5100627369263906,1,39840008.333333336,149092
397,2023-04-16,90014332.4228396,1,-0.01067821,-9987152.69761309,2.5100627369263906,1,39840233.333333336,149093
398,2023-04-16,90013642.15558694,0,-1.17177314,189933641.83764565,-2.5100427857709855,-1,39839958.333333336,149094
399,2023-04-16,89934018.34406352,1,0.00051319,189933641.83764565,-2.5100427857709855,-1,39839808.333333336,149095
400,2023-04-16,89934122.92917961,0,-0.58725207,289893641.83764565,-5.020097647203407,-2,39839766.666666664,149096
401,2023-04-16,89894248.43162078,1,0.00615331,289893641.83764565,-5.020097647203407,-2,39839741.666666664,149097
402,2023-04-16,89895503.45603257,1,0.00774212,289893641.83764565,-5.020097647203407,-2,39839491.666666664,149098
403,2023-04-16,89896925.8170326,1,0.00328058,289893641.83764565,-5.020097647203407,-2,39839208.333333336,149099
404,2023-04-16,89897511.49509147,1,0.00352254,289893641.83764565,-5.020097647203407,-2,39839091.666666664,149100
405,2023-04-16,89898139.00729737,1,0.00023503,289893641.83764565,-5.020097647203407,-2,39838966.666666664,149101
406,2023-04-16,89898180.8414444,0,-0.62860103,389853641.83764565,-7.530203437703703,-3,39838958.333333336,149102
407,2023-04-16,89859937.88891321,2,-2.37938959,-10300059.592666268,2.51012049205892,1,39838725.0,149103
408,2023-04-16,89699396.54789379,1,-0.00434434,-10300059.592666268,2.51012049205892,1,39838508.333333336,149104
409,2023-04-16,89699103.70050304,0,-1.13411407,189619104.03518575,-2.5101414945842655,-1,39838391.666666664,149105
410,2023-04-16,89618999.4459568,1,0.00089021,189619104.03518575,-2.5101414945842655,-1,39838433.333333336,149106
411,2023-04-16,89619187.70656888,1,0.00243879,189619104.03518575,-2.5101414945842655,-1,39838358.333333336,149107
412,2023-04-16,89619689.7348678,1,0.00417225,189619104.03518575,-2.5101414945842655,-1,39838158.333333336,149108
413,2023-04-16,89620547.36654513,1,0.00336483,189619104.03518575,-2.5101414945842655,-1,39837816.666666664,149109
414,2023-04-16,89621237.65545614,1,0.00644466,189619104.03518575,-2.5101414945842655,-1,39837541.666666664,149110
415,2023-04-16,89622429.97266607,0,-0.58133988,289579104.03518575,-5.020366477682084,-2,39837066.666666664,149111
416,2023-04-16,89585693.21087655,1,0.01968692,289579104.03518575,-5.020366477682084,-2,39836416.666666664,149112
417,2023-04-16,89589416.64934748,1,0.02187906,289579104.03518575,-5.020366477682084,-2,39835675.0,149113
418,2023-04-16,89593432.94252965,1,0.01736247,289579104.03518575,-5.020366477682084,-2,39834875.0,149114
419,2023-04-16,89596612.5079655,1,0.0105254,289579104.03518575,-5.020366477682084,-2,39834241.666666664,149115
420,2023-04-16,89598536.98178193,1,0.00893828,289579104.03518575,-5.020366477682084,-2,39833858.333333336,149116
421,2023-04-16,89600168.60088718,0,-0.59708125,389539104.03518575,-7.530814123970052,-3,39833533.333333336,149117
422,2023-04-16,89562929.89939934,1,0.0151318,389539104.03518575,-7.530814123970052,-3,39833166.666666664,149118
423,2023-04-16,89565753.95469582,1,0.01134104,389539104.03518575,-7.530814123970052,-3,39832791.666666664,149119
424,2023-04-16,89567699.41501117,0,-0.65828028,489499104.03518575,-10.041324795314079,-4,39832533.333333336,149120
425,2023-04-16,89528954.58061057,1,-0.02129077,489499104.03518575,-10.041324795314079,-4,39832408.333333336,149121
426,2023-04-16,89527699.41501117,1,-0.05095246,489499104.03518575,-10.041324795314079,-4,39832533.333333336,149122
427,2023-04-16,89524687.01757258,2,-3.10297591,-10675302.749234438,2.5104917634949393,1,39832833.333333336,149123
428,2023-04-16,89325952.49664731,1,0.00355978,-10675302.749234438,2.5104917634949393,1,39833333.333333336,149124
429,2023-04-16,89326601.04035288,1,0.00401807,-10675302.749234438,2.5104917634949393,1,39833591.666666664,149125
430,2023-04-16,89327333.26711723,2,-0.62112294,-110715302.74923444,5.020917351760875,2,39833883.333333336,149126
431,2023-04-16,89288546.65547726,0,-1.77949792,189168545.11571538,-2.5104103579531367,-1,39834125.0,149127
432,2023-04-16,89168377.75502487,1,-0.02944029,189168545.11571538,-2.5104103579531367,-1,39834191.666666664,149128
433,2023-04-16,89166432.18699746,1,-0.03747862,189168545.11571538,-2.5104103579531367,-1,39834966.666666664,149129
434,2023-04-16,89164005.45698476,2,-1.16856923,-10915996.358878732,2.510296399063492,1,39835933.333333336,149130
435,2023-04-16,89086262.90788043,1,0.00722505,-10915996.358878732,2.510296399063492,1,39836833.333333336,149131
436,2023-04-16,89087706.32830988,0,-1.14486399,189007704.84723502,-2.5102034540817892,-1,39837408.333333336,149132
437,2023-04-16,89007202.80654421,1,-0.01182617,189007704.84723502,-2.5102034540817892,-1,39837608.333333336,149133
438,2023-04-16,89006366.07205953,1,-0.00537072,189007704.84723502,-2.5102034540817892,-1,39837941.666666664,149134
439,2023-04-16,89006031.37826565,1,0.00253476,189007704.84723502,-2.5102034540817892,-1,39838075.0,149135
440,2023-04-16,89006491.58223224,1,0.00296571,189007704.84723502,-2.5102034540817892,-1,39837891.666666664,149136
441,2023-04-16,89007014.54128516,1,0.00159196,189007704.84723502,-2.5102034540817892,-1,39837683.333333336,149137
442,2023-04-16,89007286.47999269,1,0.00233153,189007704.84723502,-2.5102034540817892,-1,39837575.0,149138
443,2023-04-16,89007683.92887293,1,0.00147182,189007704.84723502,-2.5102034540817892,-1,39837416.666666664,149139
444,2023-04-16,89007934.94921833,1,0.00012281,189007704.84723502,-2.5102034540817892,-1,39837316.666666664,149140
445,2023-04-16,89007955.86758044,1,0.00184125,189007704.84723502,-2.5102034540817892,-1,39837308.333333336,149141
446,2023-04-16,89008269.6430122,1,0.00159421,189007704.84723502,-2.5102034540817892,-1,39837183.333333336,149142
447,2023-04-16,89008541.58171973,1,0.00122786,189007704.84723502,-2.5102034540817892,-1,39837075.0,149143
448,2023-04-16,89008750.76534091,1,-0.00949427,189007704.84723502,-2.5102034540817892,-1,39836991.666666664,149144
449,2023-04-16,89008290.56137432,1,-0.00129444,189007704.84723502,-2.5102034540817892,-1,39837175.0,149145
450,2023-04-16,89008227.80628797,1,-0.02278681,189007704.84723502,-2.5102034540817892,-1,39837200.0,149146
451,2023-04-16,89007160.96981998,1,-0.006258,189007704.84723502,-2.5102034540817892,-1,39837625.0,149147
452,2023-04-16,89006868.11275035,0,-0.85825028,288967704.847235,-5.020385904601387,-2,39837741.666666664,149148
453,2023-04-16,88965194.65078214,1,-0.00172248,288967704.847235,-5.020385904601387,-2,39838075.0,149149
454,2023-04-16,88965110.97768372,1,-0.00171958,288967704.847235,-5.020385904601387,-2,39838091.666666664,149150
455,2023-04-16,88965027.30458531,0,-0.94994931,388927704.847235,-7.530545251608534,-3,39838108.333333336,149151
456,2023-04-16,88921826.82285339,1,-0.02206408,388927704.847235,-7.530545251608534,-3,39838533.333333336,149152
457,2023-04-16,88920822.75015318,0,-0.93282191,488887704.847235,-10.040669419084018,-4,39838666.666666664,149153
458,2023-04-16,88876639.13789523,2,-3.56943526,-11323365.28838849,2.510097914736157,1,39839083.333333336,149154
459,2023-04-16,88677952.51301675,1,0.00639396,-11323365.28838849,2.510097914736157,1,39839608.333333336,149155
460,2023-04-16,88679019.3046305,2,-0.65541694,-111363365.28838849,5.020135975279948,2,39840033.333333336,149156
461,2023-04-16,88641529.37261814,1,0.01833538,-111363365.28838849,5.020135975279948,2,39840533.333333336,149157
462,2023-04-16,88644666.95760268,1,0.01378086,-111363365.28838849,5.020135975279948,2,39841158.333333336,149158
463,2023-04-16,88646884.1843251,1,0.01093472,-111363365.28838849,5.020135975279948,2,39841600.0,149159
464,2023-04-16,88648641.23191643,1,0.01210912,-111363365.28838849,5.020135975279948,2,39841950.0,149160
465,2023-04-16,88650523.78290716,1,0.01751156,-111363365.28838849,5.020135975279948,2,39842325.0,149161
466,2023-04-16,88653243.0232271,1,0.02348046,-111363365.28838849,5.020135975279948,2,39842866.666666664,149162
467,2023-04-16,88656882.62180918,1,0.02706757,-111363365.28838849,5.020135975279948,2,39843591.666666664,149163
468,2023-04-16,88661066.06845525,1,0.02442279,-111363365.28838849,5.020135975279948,2,39844425.0,149164
469,2023-04-16,88664831.17043671,1,0.02476977,-111363365.28838849,5.020135975279948,2,39845175.0,149165
470,2023-04-16,88668638.10688466,0,-2.2183926,188548625.30552655,-2.5096663984112135,-1,39845933.333333336,149166
471,2023-04-16,88547307.7306674,1,-0.032631,188548625.30552655,-2.5096663984112135,-1,39846458.333333336,149167
472,2023-04-16,88545739.1891684,1,-0.03693427,188548625.30552655,-2.5096663984112135,-1,39847083.333333336,149168
473,2023-04-16,88543961.50880286,1,-0.03729381,188548625.30552655,-2.5096663984112135,-1,39847791.666666664,149169
474,2023-04-16,88542288.39787057,1,-0.04837578,188548625.30552655,-2.5096663984112135,-1,39848458.333333336,149170
475,2023-04-16,88540113.35365862,1,-0.05288584,188548625.30552655,-2.5096663984112135,-1,39849325.0,149171
476,2023-04-16,88537729.17058013,1,-0.05872597,188548625.30552655,-2.5096663984112135,-1,39850275.0,149172
477,2023-04-16,88535073.10697514,2,-1.591478,-11544932.31390427,2.5093263295247334,1,39851333.333333336,149173
478,2023-04-16,88457932.50032192,0,-1.60077134,188377931.35439622,-2.509254444046449,-1,39852475.0,149174
479,2023-04-16,88374711.14452636,1,-0.06777238,188377931.35439622,-2.509254444046449,-1,39853758.333333336,149175
480,2023-04-16,88371281.8301195,1,-0.06901412,188377931.35439622,-2.509254444046449,-1,39855125.0,149176
481,2023-04-16,88367768.87389784,1,-0.06859138,188377931.35439622,-2.509254444046449,-1,39856525.0,149177
482,2023-04-16,88364255.91767617,0,-0.88139709,288337931.3543962,-5.018165783510307,-2,39857925.0,149178
483,2023-04-16,88317272.30362746,0,-0.89331342,388297931.3543962,-7.526989525680164,-3,39859316.666666664,149179
484,2023-04-16,88267738.1168949,1,-0.10573458,388297931.3543962,-7.526989525680164,-3,39860583.333333336,149180
485,2023-04-16,88261841.9750998,0,-0.78965439,488257931.3543962,-10.035684243456188,-4,39861366.666666664,149181
486,2023-04-16,88217576.80929637,1,-0.0623662,488257931.3543962,-10.035684243456188,-4,39861791.666666664,149182
487,2023-04-16,88214064.31981117,1,-0.04735519,488257931.3543962,-10.035684243456188,-4,39862141.666666664,149183
488,2023-04-16,88211388.13734621,1,-0.04257859,488257931.3543962,-10.035684243456188,-4,39862408.333333336,149184
489,2023-04-16,88209046.47768945,2,-3.1509193,-11990973.076261222,2.5086144775904424,1,39862641.666666664,149185
490,2023-04-16,88009758.60296142,1,0.00463929,-11990973.076261222,2.5086144775904424,1,39862933.333333336,149186
491,2023-04-16,88010636.61802858,1,0.00508919,-11990973.076261222,2.5086144775904424,1,39863283.333333336,149187
492,2023-04-16,88011472.82285443,1,0.00419871,-11990973.076261222,2.5086144775904424,1,39863616.666666664,149188
493,2023-04-16,88012162.69183576,0,-1.38399006,187932161.43752852,-2.5085358157246316,-1,39863891.666666664,149189
494,2023-04-16,87931680.63483049,0,-0.69841157,287892161.4375285,-5.01705957039937,-2,39864083.333333336,149190
495,2023-04-16,87891011.69355443,1,-0.0117772,287892161.4375285,-5.01705957039937,-2,39864216.666666664,149191
496,2023-04-16,87890384.56110811,2,-2.05772107,-12229616.149642438,2.5085074986605616,1,39864341.666666664,149192
497,2023-04-16,87770718.31802405,0,-1.31447614,187690718.184237,-2.508499108542129,-1,39864475.0,149193
498,2023-04-16,87689986.5386637,0,-0.69281896,287650718.184237,-5.0169798638958545,-2,39864766.666666664,149194
499,2023-04-16,87648481.4447045,1,-0.02576789,287650718.184237,-5.0169798638958545,-2,39865066.666666664,149195
500,2023-04-16,87646934.5425798,1,-0.02063632,287650718.184237,-5.0169798638958545,-2,39865375.0,149196
501,2023-04-16,87645763.91394487,1,-0.00958321,287650718.184237,-5.0169798638958545,-2,39865608.333333336,149197
502,2023-04-16,87645220.40779299,0,-0.69783563,387610718.184237,-7.525400842154951,-3,39865716.666666664,149198
503,2023-04-16,87604467.8677088,1,-0.00965766,387610718.184237,-7.525400842154951,-3,39865816.666666664,149199
504,2023-04-16,87603903.46264565,1,-0.00643432,387610718.184237,-7.525400842154951,-3,39865891.666666664,149200
505,2023-04-16,87603527.19260353,1,-0.00107213,387610718.184237,-7.525400842154951,-3,39865941.666666664,149201
506,2023-04-16,87603464.48092979,1,-0.00214346,387610718.184237,-7.525400842154951,-3,39865950.0,149202
507,2023-04-16,87603339.05758244,1,-0.00214289,387610718.184237,-7.525400842154951,-3,39865966.666666664,149203
508,2023-04-16,87603213.63423508,1,-0.00321385,387610718.184237,-7.525400842154951,-3,39865983.333333336,149204
509,2023-04-16,87603025.499214,1,0.00464389,387610718.184237,-7.525400842154951,-3,39866008.333333336,149205
510,2023-04-16,87603840.75097191,1,0.01001281,387610718.184237,-7.525400842154951,-3,39865900.0,149206
511,2023-04-16,87605596.6778351,1,0.00930703,387610718.184237,-7.525400842154951,-3,39865666.666666664,149207
512,2023-04-16,87607227.18135089,2,-2.46449494,-12552774.21505028,2.5084377575068135,1,39865450.0,149208
513,2023-04-16,87446891.32658204,1,-0.00353399,-12552774.21505028,2.5084377575068135,1,39865316.666666664,149209
514,2023-04-16,87446661.38645428,1,-0.00385728,-12552774.21505028,2.5084377575068135,1,39865225.0,149210
515,2023-04-16,87446410.54267853,1,-0.00964113,-12552774.21505028,2.5084377575068135,1,39865125.0,149211
516,2023-04-16,87445783.43323915,1,-0.00957156,-12552774.21505028,2.5084377575068135,1,39864875.0,149212
517,2023-04-16,87445177.22744776,0,-1.19020323,187365178.04687077,-2.5084891453493863,-1,39864633.333333336,149213
518,2023-04-16,87365867.88138574,1,0.00397584,187365178.04687077,-2.5084891453493863,-1,39864358.333333336,149214
519,2023-04-16,87366662.23628178,1,0.00430366,187365178.04687077,-2.5084891453493863,-1,39864041.666666664,149215
520,2023-04-16,87367498.39933021,1,0.00624922,187365178.04687077,-2.5084891453493863,-1,39863708.333333336,149216
521,2023-04-16,87368710.83575048,1,0.00554896,187365178.04687077,-2.5084891453493863,-1,39863225.0,149217
522,2023-04-16,87369756.03956103,0,-0.66357522,287325178.04687077,-5.01709313440602,-2,39862808.333333336,149218
523,2023-04-16,87332557.24989441,1,0.01992218,287325178.04687077,-5.01709313440602,-2,39862250.0,149219
524,2023-04-16,87335901.97865066,0,-0.61204934,387285178.04687077,-7.525774216232925,-3,39861583.333333336,149220
525,2023-04-16,87301734.45366824,0,-0.56665346,487245178.04687077,-10.034504073484106,-4,39860808.333333336,149221
526,2023-04-16,87269260.33172333,1,0.04541669,487245178.04687077,-10.034504073484106,-4,39860058.333333336,149222
527,2023-04-16,87277037.0723803,1,0.05302353,487245178.04687077,-10.034504073484106,-4,39859283.333333336,149223
528,2023-04-16,87286068.12604642,1,0.04238759,487245178.04687077,-10.034504073484106,-4,39858383.333333336,149224
529,2023-04-16,87293259.52063245,1,0.05148615,487245178.04687077,-10.034504073484106,-4,39857666.666666664,149225
530,2023-04-16,87301956.09082943,2,-3.1110941,-12898021.197952986,2.508982156118906,1,39856800.0,149226
531,2023-04-16,87100159.78998384,1,-0.03210476,-12898021.197952986,2.508982156118906,1,39856075.0,149227
532,2023-04-16,87098068.9715204,1,-0.03358193,-12898021.197952986,2.508982156118906,1,39855241.666666664,149228
533,2023-04-16,87095873.61213379,2,-0.64188675,-112938021.19795299,5.018117499715718,2,39854366.666666664,149229
534,2023-04-16,87052653.6534048,1,-0.07096593,-112938021.19795299,5.018117499715718,2,39853725.0,149230
535,2023-04-16,87048220.98294672,1,-0.08082005,-112938021.19795299,5.018117499715718,2,39852841.666666664,149231
536,2023-04-16,87043161.0478012,0,-1.73974876,186923168.5749029,-2.5092948463266014,-1,39851833.333333336,149232
537,2023-04-16,86925866.06686269,1,0.01409968,186923168.5749029,-2.5092948463266014,-1,39850758.333333336,149233
538,2023-04-16,86928709.9343552,1,0.01820881,186923168.5749029,-2.5092948463266014,-1,39849625.0,149234
539,2023-04-16,86932369.32267277,1,0.01691689,186923168.5749029,-2.5092948463266014,-1,39848166.666666664,149235
540,2023-04-16,86935756.8707153,1,0.01908236,186923168.5749029,-2.5092948463266014,-1,39846816.666666664,149236
541,2023-04-16,86939562.63456556,2,-1.25945107,-13140430.807810575,2.50970628907299,1,39845300.0,149237
542,2023-04-16,86855470.0052506,1,-0.0727946,-13140430.807810575,2.50970628907299,1,39843666.666666664,149238
543,2023-04-16,86850847.96283491,1,-0.07536244,-13140430.807810575,2.50970628907299,1,39841825.0,149239
544,2023-04-16,86846058.60666658,0,-1.14042866,186766064.0109008,-2.5100454109048926,-1,39839916.666666664,149240
545,2023-04-16,86770142.8346935,2,-1.19614697,-13309855.533776969,2.510147795410404,1,39838291.666666664,149241
546,2023-04-16,86686525.66981798,1,-0.02828905,-13309855.533776969,2.510147795410404,1,39836850.0,149242
547,2023-04-16,86684601.22317484,1,-0.02502562,-13309855.533776969,2.510147795410404,1,39836083.333333336,149243
548,2023-04-16,86682948.70920953,1,-0.01747523,-13309855.533776969,2.510147795410404,1,39835425.0,149244
549,2023-04-16,86681798.2248033,1,-0.01894461,-13309855.533776969,2.510147795410404,1,39834966.666666664,149245
550,2023-04-16,86680584.98670219,1,-0.01864613,-13309855.533776969,2.510147795410404,1,39834483.333333336,149246
551,2023-04-16,86679392.66649938,1,-0.01702813,-13309855.533776969,2.510147795410404,1,39834008.333333336,149247
552,2023-04-16,86678304.93578802,0,-1.16375361,186598309.6716002,-2.510445020312638,-1,39833575.0,149248
553,2023-04-16,86600297.10724127,0,-0.58865183,286558309.6716002,-5.02093993509598,-2,39832783.333333336,149249
554,2023-04-16,86564857.79434904,1,0.02741319,286558309.6716002,-5.02093993509598,-2,39831875.0,149250
555,2023-04-16,86569795.05195192,1,0.02749144,286558309.6716002,-5.02093993509598,-2,39830891.666666664,149251
556,2023-04-16,86574732.30955473,1,0.03085693,286558309.6716002,-5.02093993509598,-2,39829908.333333336,149252
557,2023-04-16,86580255.34348333,1,0.03457718,286558309.6716002,-5.02093993509598,-2,39828808.333333336,149253
558,2023-04-16,86586071.26557484,0,-0.57165255,386518309.6716002,-7.53175842426117,-3,39827650.0,149254
559,2023-04-16,86554230.67053449,0,-0.56505647,486478309.6716002,-10.042645210886848,-4,39826566.666666664,149255
560,2023-04-16,86522013.72057289,0,-0.62348544,586438309.6716002,-12.553580858744862,-5,39825791.666666664,149256
561,2023-04-16,86488708.96369755,2,-4.01532412,-13751270.876585603,2.5109692738967375,1,39825258.333333336,149257
562,2023-04-16,86247348.09031376,1,-0.01647599,-13751270.876585603,2.5109692738967375,1,39824708.333333336,149258
563,2023-04-16,86246385.55209209,1,-0.01612478,-13751270.876585603,2.5109692738967375,1,39824325.0,149259
564,2023-04-16,86245443.93861438,0,-1.28286727,186165445.2526883,-2.511051766587694,-1,39823950.0,149260
565,2023-04-16,86166365.97166938,1,0.00509716,186165445.2526883,-2.511051766587694,-1,39823583.333333336,149261
566,2023-04-16,86167307.61608185,1,0.00699504,186165445.2526883,-2.511051766587694,-1,39823208.333333336,149262
567,2023-04-16,86168563.14196514,1,0.0082893,186165445.2526883,-2.511051766587694,-1,39822708.333333336,149263
568,2023-04-16,86170048.84759371,1,0.007247,186165445.2526883,-2.511051766587694,-1,39822116.666666664,149264
569,2023-04-16,86171346.22433978,1,0.00713679,186165445.2526883,-2.511051766587694,-1,39821600.0,149265
570,2023-04-16,86172622.67565447,2,-1.28786632,-13907374.453376338,2.5112320083305937,1,39821091.666666664,149266
571,2023-04-16,86091495.49221991,0,-1.19034302,186011495.94424167,-2.511260386939186,-1,39820641.666666664,149267
572,2023-04-16,86012605.08424589,1,0.0061101,186011495.94424167,-2.511260386939186,-1,39820200.0,149268
573,2023-04-16,86013818.86009958,1,0.00748276,186011495.94424167,-2.511260386939186,-1,39819716.666666664,149269
574,2023-04-16,86015304.68916185,1,0.00906387,186011495.94424167,-2.511260386939186,-1,39819125.0,149270
575,2023-04-16,86017104.42577249,1,0.0088538,186011495.94424167,-2.511260386939186,-1,39818408.333333336,149271
576,2023-04-16,86018862.30804335,1,0.01232882,186011495.94424167,-2.511260386939186,-1,39817708.333333336,149272
577,2023-04-16,86021059.66088192,1,0.01011229,186011495.94424167,-2.511260386939186,-1,39816833.333333336,149273
578,2023-04-16,86022859.39749257,0,-0.6024062,285971495.94424164,-5.022806172209556,-2,39816116.666666664,149274
579,2023-04-16,85986207.93494067,1,0.01401906,285971495.94424164,-5.022806172209556,-2,39815450.0,149275
580,2023-04-16,85988761.19474488,1,0.01612658,285971495.94424164,-5.022806172209556,-2,39814941.666666664,149276
581,2023-04-16,85991691.165012,1,0.01660435,285971495.94424164,-5.022806172209556,-2,39814358.333333336,149277
582,2023-04-16,85994537.42184293,1,0.01173111,285971495.94424164,-5.022806172209556,-2,39813791.666666664,149278
583,2023-04-16,85996546.54431182,1,0.00660017,285971495.94424164,-5.022806172209556,-2,39813391.666666664,149279
584,2023-04-16,85997676.67570058,1,0.00073277,285971495.94424164,-5.022806172209556,-2,39813166.666666664,149280
585,2023-04-16,85997802.24585488,1,0.00659534,285971495.94424164,-5.022806172209556,-2,39813141.666666664,149281
586,2023-04-16,85998932.37724361,1,0.00678506,285971495.94424164,-5.022806172209556,-2,39812916.666666664,149282
587,2023-04-16,86000062.50863236,1,0.00828064,285971495.94424164,-5.022806172209556,-2,39812691.666666664,149283
588,2023-04-16,86001443.78032973,2,-2.04277766,-14118544.240535825,2.5117791978633135,1,39812416.666666664,149284
589,2023-04-16,85880471.97927836,2,-0.6971604,-114158544.24053583,5.023583106355785,2,39812025.0,149285
590,2023-04-16,85838923.04115388,0,-1.84480244,185718924.0542412,-2.511823361882997,-1,39811716.666666664,149286
591,2023-04-16,85719175.23657739,0,-0.59986479,285678924.0542412,-5.023653033038443,-2,39811616.666666664,149287
592,2023-04-16,85679007.78147626,0,-0.58920957,385638924.0542412,-7.53548060109955,-3,39811650.0,149288
593,2023-04-16,85638379.82475948,1,0.00302093,385638924.0542412,-7.53548060109955,-3,39811733.333333336,149289
594,2023-04-16,85639007.78147626,1,0.00171944,385638924.0542412,-7.53548060109955,-3,39811650.0,149290
595,2023-04-16,85639321.75983465,1,-0.01342336,385638924.0542412,-7.53548060109955,-3,39811608.333333336,149291
596,2023-04-16,85638505.41610289,0,-0.65417903,485598924.0542412,-10.047303962982546,-4,39811716.666666664,149292
597,2023-04-16,85597668.14077264,1,-0.01242334,485598924.0542412,-10.047303962982546,-4,39811800.0,149293
598,2023-04-16,85596914.59297544,2,-2.89984568,-14603086.210809052,2.5118133722664404,1,39811875.0,149294
599,2023-04-16,85397458.0154216,0,-1.11259292,185317457.7977311,-2.5117997023935987,-1,39812091.666666664,149295
600,2023-04-16,85317457.7977311,1,-0.00218614,185317457.7977311,-2.5117997023935987,-1,39812091.666666664,149296
601,2023-04-16,85317311.27608179,1,-0.00062349,185317457.7977311,-2.5117997023935987,-1,39812150.0,149297
602,2023-04-16,85317269.41275342,1,-0.00653005,185317457.7977311,-2.5117997023935987,-1,39812166.666666664,149298
603,2023-04-16,85316829.8478055,1,-0.00930552,185317457.7977311,-2.5117997023935987,-1,39812341.666666664,149299
604,2023-04-16,85316201.8978799,1,-0.02442221,185317457.7977311,-2.5117997023935987,-1,39812591.666666664,149300
605,2023-04-16,85314548.29640916,1,-0.02572739,185317457.7977311,-2.5117997023935987,-1,39813250.0,149301
606,2023-04-16,85312894.6949384,2,-1.18405377,-14767107.130302712,2.511685091621039,1,39813908.333333336,149302
607,2023-04-16,85233081.24607915,1,-0.00062285,-14767107.130302712,2.511685091621039,1,39813983.333333336,149303
608,2023-04-16,85233039.38466094,1,-0.00816741,-14767107.130302712,2.511685091621039,1,39813966.666666664,149304
609,2023-04-16,85232516.11693354,0,-1.24478906,185152516.26763463,-2.51169455449969,-1,39813758.333333336,149305
610,2023-04-16,85152976.74496964,1,0.0022965,185152516.26763463,-2.51169455449969,-1,39813575.0,149306
611,2023-04-16,85153416.29151668,1,0.01524609,185152516.26763463,-2.51169455449969,-1,39813400.0,149307
612,2023-04-16,85156325.67104231,2,-1.25667448,-14923672.80519633,2.5117902387226376,1,39812241.666666664,149308
613,2023-04-16,85072036.21981253,1,-0.05670524,-14923672.80519633,2.5117902387226376,1,39810533.333333336,149309
614,2023-04-16,85068226.6712838,1,-0.05785459,-14923672.80519633,2.5117902387226376,1,39809016.666666664,149310
615,2023-04-16,85064333.39641377,1,-0.05372672,-14923672.80519633,2.5117902387226376,1,39807466.666666664,149311
616,2023-04-16,85060712.23215295,1,-0.04721961,-14923672.80519633,2.5117902387226376,1,39806025.0,149312
617,2023-04-16,85057677.15228115,1,-0.04325218,-14923672.80519633,2.5117902387226376,1,39804816.666666664,149313
618,2023-04-16,85054956.04618922,1,-0.04898029,-14923672.80519633,2.5117902387226376,1,39803733.333333336,149314
619,2023-04-16,85051858.17156145,2,-0.72523848,-114963672.80519633,5.024195238408587,2,39802500.0,149315
620,2023-04-16,85004405.61529113,1,-0.08894004,-114963672.80519633,5.024195238408587,2,39801016.666666664,149316
621,2023-04-16,84998544.05417965,1,-0.06627712,-114963672.80519633,5.024195238408587,2,39799850.0,149317
622,2023-04-16,84994147.88334607,0,-1.68477554,184874164.7550707,-2.512627523698789,-1,39798975.0,149318
623,2023-04-16,84876363.30415392,0,-0.50472165,284834164.7550707,-5.025310289961499,-2,39798100.0,149319
624,2023-04-16,84841011.71617216,0,-0.45489524,384794164.7550707,-7.538051458147432,-3,39797175.0,149320
625,2023-04-16,84809177.93858516,1,0.05346802,384794164.7550707,-7.538051458147432,-3,39796091.666666664,149321
626,2023-04-16,84818726.13709879,0,-0.46878212,484754164.7550707,-10.050941010997583,-4,39794825.0,149322
627,2023-04-16,84790284.71926141,1,0.06499004,484754164.7550707,-10.050941010997583,-4,39793675.0,149323
628,2023-04-16,84802010.81710756,1,0.0758539,484754164.7550707,-10.050941010997583,-4,39792508.333333336,149324
629,2023-04-16,84814825.7668966,1,0.08208452,484754164.7550707,-10.050941010997583,-4,39791233.333333336,149325
630,2023-04-16,84828562.05294502,1,0.06757219,484754164.7550707,-10.050941010997583,-4,39789866.666666664,149326
631,2023-04-16,84839785.60374057,1,0.05119999,484754164.7550707,-10.050941010997583,-4,39788750.0,149327
632,2023-04-16,84848245.14575815,2,-3.17014162,-15351717.222085536,2.5133263895710356,1,39787908.333333336,149328
633,2023-04-16,84646879.50401361,1,-0.01580348,-15351717.222085536,2.5133263895710356,1,39787350.0,149329
634,2023-04-16,84645874.17345779,0,-1.24849408,184565875.1368996,-2.513386927120576,-1,39786950.0,149330
635,2023-04-16,84566545.37341349,1,0.00382563,184565875.1368996,-2.513386927120576,-1,39786683.333333336,149331
636,2023-04-16,84567236.55481844,1,0.00127434,184565875.1368996,-2.513386927120576,-1,39786408.333333336,149332
637,2023-04-16,84567466.94862011,2,-1.26103269,-15512532.414655194,2.513426936145132,1,39786316.666666664,149333
638,2023-04-16,84487174.35220225,0,-1.19526694,184407174.46949553,-2.5134343063675346,-1,39786200.0,149334
639,2023-04-16,84406985.96192256,1,0.00072775,184407174.46949553,-2.5134343063675346,-1,39786275.0,149335
640,2023-04-16,84407132.57892376,1,-0.00280289,184407174.46949553,-2.5134343063675346,-1,39786216.666666664,149336
641,2023-04-16,84406944.07135078,1,0.00259321,184407174.46949553,-2.5134343063675346,-1,39786291.666666664,149337
642,2023-04-16,84407467.70349793,0,-0.53780154,284367174.46949553,-5.0268759830006955,-2,39786083.333333336,149338
643,2023-04-16,84371279.75111839,2,-1.68391508,-15748718.606768936,2.5134895844133482,1,39785325.0,149339
644,2023-04-16,84249228.71007046,1,-0.03082969,-15748718.606768936,2.5134895844133482,1,39784508.333333336,149340
645,2023-04-16,84246987.51519102,0,-1.02212208,184166989.23274225,-2.5135975152250696,-1,39783616.666666664,149341
646,2023-04-16,84169251.47050595,1,0.00936492,184166989.23274225,-2.5135975152250696,-1,39782716.666666664,149342
647,2023-04-16,84171388.0283939,2,-1.03140134,-15908610.21208784,2.5137080881071445,1,39781866.666666664,149343
648,2023-04-16,84089378.82144168,1,-0.02500006,-15908610.21208784,2.5137080881071445,1,39781066.666666664,149344
649,2023-04-16,84087388.8025386,1,-0.02259696,-15908610.21208784,2.5137080881071445,1,39780275.0,149345
650,2023-04-16,84085587.31174213,0,-0.94010713,184005589.6327326,-2.513853953883768,-1,39779558.333333336,149346
651,2023-04-16,84007537.86954686,1,0.00917209,184005589.6327326,-2.513853953883768,-1,39778783.333333336,149347
652,2023-04-16,84009821.2868883,1,0.00968736,184005589.6327326,-2.513853953883768,-1,39777875.0,149348
653,2023-04-16,84012083.7554468,0,-0.45346374,283965589.6327326,-5.0278711711306805,-2,39776975.0,149349
654,2023-04-16,83976902.13198584,1,0.02044518,283965589.6327326,-5.0278711711306805,-2,39776016.666666664,149350
655,2023-04-16,83981343.41818699,1,0.0213808,283965589.6327326,-5.0278711711306805,-2,39775133.333333336,149351
656,2023-04-16,83985868.50224102,1,0.0193161,283965589.6327326,-5.0278711711306805,-2,39774233.333333336,149352
657,2023-04-16,83989848.90025151,0,-0.48169739,383925589.6327326,-7.54211172486702,-3,39773441.666666664,149353
658,2023-04-16,83956071.14242452,1,0.03178931,383925589.6327326,-7.54211172486702,-3,39772616.666666664,149354
659,2023-04-16,83962733.34111482,1,0.02769974,383925589.6327326,-7.54211172486702,-3,39771733.333333336,149355
660,2023-04-16,83968515.62677056,0,-0.47948848,483885589.6327326,-10.05650874312741,-4,39770966.666666664,149356
661,2023-04-16,83935303.77017218,2,-2.58589638,-16264676.344172835,2.5144396937831526,1,39770291.666666664,149357
662,2023-04-16,83734653.1385755,1,0.00141161,-16264676.344172835,2.5144396937831526,1,39770025.0,149358
663,2023-04-16,83734946.48987308,0,-1.15660475,183654946.64073947,-2.5144491774293822,-1,39770141.666666664,149359
664,2023-04-16,83654820.9182806,1,0.00342971,183654946.64073947,-2.5144491774293822,-1,39770191.666666664,149360
665,2023-04-16,83655533.34554753,1,0.00625923,183654946.64073947,-2.5144491774293822,-1,39769908.333333336,149361
666,2023-04-16,83656832.47762255,1,0.00869389,183654946.64073947,-2.5144491774293822,-1,39769391.666666664,149362
667,2023-04-16,83658634.49953303,2,-1.12979636,-16421364.02532345,2.514541910184335,1,39768675.0,149363
668,2023-04-16,83576750.06824392,1,-0.02543968,-16421364.02532345,2.514541910184335,1,39767925.0,149364
669,2023-04-16,83574906.07084312,0,-1.03306172,183494907.56280464,-2.5146357036778433,-1,39767191.666666664,149365
670,2023-04-16,83496730.67368981,1,0.00889235,183494907.56280464,-2.5146357036778433,-1,39766466.666666664,149366
671,2023-04-16,83498658.56106263,1,-0.01622762,183494907.56280464,-2.5146357036778433,-1,39765700.0,149367
672,2023-04-16,83497485.06440091,1,-0.05292856,183494907.56280464,-2.5146357036778433,-1,39766166.666666664,149368
673,2023-04-16,83493650.24495281,0,-0.66564099,283454907.56280464,-5.029239790789596,-2,39767691.666666664,149369
674,2023-04-16,83446315.93692458,1,-0.11493296,283454907.56280464,-5.029239790789596,-2,39769150.0,149370
675,2023-04-16,83438101.51193294,1,-0.10781245,283454907.56280464,-5.029239790789596,-2,39770783.333333336,149371
676,2023-04-16,83430348.10058883,0,-0.7153414,383414907.56280464,-7.543550935536603,-3,39772325.0,149372
677,2023-04-16,83379912.85512799,1,-0.16242563,383414907.56280464,-7.543550935536603,-3,39773708.333333336,149373
678,2023-04-16,83368408.9399513,2,-2.02014125,-16791609.659497857,2.514127300321724,1,39775233.333333336,149374
679,2023-04-16,83212538.65054767,2,-0.41894403,-116831609.65949786,5.028150311174342,2,39776883.333333336,149375
680,2023-04-16,83179703.7647411,1,0.02040039,-116831609.65949786,5.028150311174342,2,39778308.333333336,149376
681,2023-04-16,83184480.50753671,0,-1.46688404,183064474.0714699,-2.5138729124118493,-1,39779258.333333336,149377
682,2023-04-16,83062714.36043121,1,-0.01868962,183064474.0714699,-2.5138729124118493,-1,39779958.333333336,149378
683,2023-04-16,83061164.1388019,2,-0.93298564,-17018837.185171157,2.5137897076651106,1,39780575.0,149379
684,2023-04-16,82982566.34741564,1,0.00715548,-17018837.185171157,2.5137897076651106,1,39781133.333333336,149380
685,2023-04-16,82984367.89670612,2,-0.41628351,-117058837.18517116,5.027498848894088,2,39781850.0,149381
686,2023-04-16,82948892.64567012,2,-0.41864066,-217098837.18517116,7.541151122806776,3,39782750.0,149382
687,2023-04-16,82914674.19486424,0,-1.86571488,182754668.79031226,-2.51360383341342,-1,39783516.666666664,149383
688,2023-04-16,82752301.81336911,2,-0.87267432,-17327699.13342166,2.513544338398474,1,39784458.333333336,149384
689,2023-04-16,82674688.73369981,1,0.00868475,-17327699.13342166,2.513544338398474,1,39785408.333333336,149385
690,2023-04-16,82677013.76221284,1,0.00547503,-17327699.13342166,2.513544338398474,1,39786333.333333336,149386
691,2023-04-16,82678459.05020742,0,-0.87859885,182598456.58693397,-2.5133895592541013,-1,39786908.333333336,149387
692,2023-04-16,82597765.40480517,1,0.00030232,182598456.58693397,-2.5133895592541013,-1,39787183.333333336,149388
693,2023-04-16,82597849.18445715,1,0.00045071,182598456.58693397,-2.5133895592541013,-1,39787150.0,149389
694,2023-04-16,82597974.85393511,1,0.0007475,182598456.58693397,-2.5133895592541013,-1,39787100.0,149390
695,2023-04-16,82598184.30306506,1,-0.0002234,182598456.58693397,-2.5133895592541013,-1,39787016.666666664,149391
696,2023-04-16,82598163.35815206,1,-0.00490624,182598456.58693397,-2.5133895592541013,-1,39787025.0,149392
697,2023-04-16,82597744.45989218,1,-0.00392628,182598456.58693397,-2.5133895592541013,-1,39787191.666666664,149393
698,2023-04-16,82597409.34128429,0,-0.46407734,282558456.586934,-5.026752797421031,-2,39787325.0,149394
699,2023-04-16,82558582.25027034,1,0.009521,282558456.586934,-5.026752797421031,-2,39787091.666666664,149395
700,2023-04-16,82560969.95784912,1,0.0123783,282558456.586934,-5.026752797421031,-2,39786616.666666664,149396
701,2023-04-16,82564069.78874084,1,0.00697641,282558456.586934,-5.026752797421031,-2,39786000.0,149397
702,2023-04-16,82565745.37300667,1,-0.01364269,282558456.586934,-5.026752797421031,-2,39785666.666666664,149398
703,2023-04-16,82564698.13284051,1,-0.01526888,282558456.586934,-5.026752797421031,-2,39785875.0,149399
704,2023-04-16,82563525.22385445,1,-0.01635004,282558456.586934,-5.026752797421031,-2,39786108.333333336,149400
705,2023-04-16,82562268.53565508,0,-0.55299416,382518456.586934,-7.540177101354351,-3,39786358.333333336,149401
706,2023-04-16,82518749.78634113,1,-0.03414109,382518456.586934,-7.540177101354351,-3,39786825.0,149402
707,2023-04-16,82516110.7243557,1,-0.03648983,382518456.586934,-7.540177101354351,-3,39787175.0,149403
708,2023-04-16,82513471.6623702,1,-0.01738597,382518456.586934,-7.540177101354351,-3,39787525.0,149404
709,2023-04-16,82512214.96618664,0,-0.58765261,482478456.586934,-10.053517177420588,-4,39787691.666666664,149405
710,2023-04-16,82470623.15930021,1,-0.04248511,482478456.586934,-10.053517177420588,-4,39787850.0,149406
711,2023-04-16,82467607.10414702,1,-0.05442832,482478456.586934,-10.053517177420588,-4,39788150.0,149407
712,2023-04-16,82463920.8145153,1,-0.03462862,482478456.586934,-10.053517177420588,-4,39788516.666666664,149408
713,2023-04-16,82461574.99384058,2,-2.62476805,-17738431.758796632,2.5132732242153875,1,39788750.0,149409
714,2023-04-16,82262154.67162235,1,0.00278488,-17738431.758796632,2.5132732242153875,1,39788983.333333336,149410
715,2023-04-16,82262762.04598486,1,0.00307013,-17738431.758796632,2.5132732242153875,1,39789225.0,149411
716,2023-04-16,82263432.25217798,1,0.00258791,-17738431.758796632,2.5132732242153875,1,39789491.666666664,149412
717,2023-04-16,82263997.73865344,0,-1.08000353,182183996.76685447,-2.5132121657899047,-1,39789716.666666664,149413
718,2023-04-16,82183284.69007416,0,-0.55221329,282143996.76685447,-5.026406435706969,-2,39790000.0,149414
719,2023-04-16,82140939.03373751,1,-0.01905596,282143996.76685447,-5.026406435706969,-2,39790466.666666664,149415
720,2023-04-16,82139472.99852708,1,-0.02008472,282143996.76685447,-5.026406435706969,-2,39790758.333333336,149416
721,2023-04-16,82137923.18987611,1,0.00036863,282143996.76685447,-5.026406435706969,-2,39791066.666666664,149417
722,2023-04-16,82138006.96331668,0,-0.47201267,382103996.76685447,-7.53953438784696,-3,39791050.0,149418
723,2023-04-16,82101399.75379121,1,0.01078269,382103996.76685447,-7.53953438784696,-3,39790600.0,149419
724,2023-04-16,82103912.93192053,1,0.00934239,382103996.76685447,-7.53953438784696,-3,39790266.666666664,149420
725,2023-04-16,82106049.1333304,0,-0.5635649,482063996.76685447,-10.05272971045537,-4,39789983.333333336,149421
726,2023-04-16,82066886.86080635,1,-0.00963869,482063996.76685447,-10.05272971045537,-4,39789900.0,149422
727,2023-04-16,82066216.67882568,2,-2.68114997,-18133782.43320954,2.5131963753006414,1,39789966.666666664,149423
728,2023-04-16,81866426.99982175,1,0.00065559,-18133782.43320954,2.5131963753006414,1,39790050.0,149424
729,2023-04-16,81866573.60294364,0,-1.02093655,181786573.4605292,-2.5131874274448025,-1,39790108.333333336,149425
730,2023-04-16,81787034.21155758,1,0.00214906,181786573.4605292,-2.5131874274448025,-1,39789925.0,149426
731,2023-04-16,81787536.84904307,1,0.00609138,181786573.4605292,-2.5131874274448025,-1,39789725.0,149427
732,2023-04-16,81788898.15889959,1,0.00920398,181786573.4605292,-2.5131874274448025,-1,39789183.333333336,149428
733,2023-04-16,81790950.59529868,1,0.01042514,181786573.4605292,-2.5131874274448025,-1,39788366.666666664,149429
734,2023-04-16,81793170.57752624,0,-0.48905473,281746573.4605292,-5.026540663743153,-2,39787483.333333336,149430
735,2023-04-16,81757694.4641236,2,-1.57603468,-18362301.087474942,2.5134100900848066,1,39786583.333333336,149431
736,2023-04-16,81635415.8983599,1,-0.0283706,-18362301.087474942,2.5134100900848066,1,39785675.0,149432
737,2023-04-16,81633216.66453107,0,-0.98056816,181553218.45743027,-2.5135227524079546,-1,39784800.0,149433
738,2023-04-16,81555983.33245793,1,0.01239458,181553218.45743027,-2.5135227524079546,-1,39783700.0,149434
739,2023-04-16,81558894.82964614,1,0.01084892,181553218.45743027,-2.5135227524079546,-1,39782541.666666664,149435
740,2023-04-16,81561429.29842147,0,-0.45125764,281513218.45743024,-5.027251903119424,-2,39781533.333333336,149436
741,2023-04-16,81526582.2316221,1,0.02244463,281513218.45743024,-5.027251903119424,-2,39780508.333333336,149437
742,2023-04-16,81531735.16482282,1,0.02700972,281513218.45743024,-5.027251903119424,-2,39779483.333333336,149438
743,2023-04-16,81537390.82321382,1,0.02517986,281513218.45743024,-5.027251903119424,-2,39778358.333333336,149439
744,2023-04-16,81542543.75641453,0,-0.46259832,381473218.45743024,-7.541246472891153,-3,39777333.333333336,149440
745,2023-04-16,81510273.53404927,1,0.03839709,381473218.45743024,-7.541246472891153,-3,39776308.333333336,149441
746,2023-04-16,81517689.09308094,1,0.03401954,381473218.45743024,-7.541246472891153,-3,39775325.0,149442
747,2023-04-16,81524224.84002411,2,-2.40439967,-18635754.757422864,2.5141762877558564,1,39774458.333333336,149443
748,2023-04-16,81361856.77510376,1,-0.034969,-18635754.757422864,2.5141762877558564,1,39773508.333333336,149444
749,2023-04-16,81359489.25909945,1,-0.03159508,-18635754.757422864,2.5141762877558564,1,39772566.666666664,149445
750,2023-04-16,81357394.112193,0,-1.14543781,181277396.85264516,-2.5143485490532638,-1,39771733.333333336,149446
751,2023-04-16,81279345.47277068,1,0.01105391,181277396.85264516,-2.5143485490532638,-1,39770958.333333336,149447
752,2023-04-16,81281377.9045145,0,-0.60616775,281237396.85264516,-5.028797199611534,-2,39770150.0,149448
753,2023-04-16,81245275.22234419,1,0.02324902,281237396.85264516,-5.028797199611534,-2,39769375.0,149449
754,2023-04-16,81249423.98003387,2,-1.88936256,-18870571.209115148,2.51454981386045,1,39768550.0,149450
755,2023-04-16,81127312.37812485,1,-0.03858502,-18870571.209115148,2.51454981386045,1,39767708.333333336,149451
756,2023-04-16,81124944.51038346,1,-0.043625,-18870571.209115148,2.51454981386045,1,39766766.666666664,149452
757,2023-04-16,81122262.32391535,1,-0.04761612,-18870571.209115148,2.51454981386045,1,39765700.0,149453
758,2023-04-16,81119328.68246585,1,-0.04209435,-18870571.209115148,2.51454981386045,1,39764533.333333336,149454
759,2023-04-16,81116730.31432486,1,-0.03322253,-18870571.209115148,2.51454981386045,1,39763500.0,149455
760,2023-04-16,81114676.7653102,1,-0.02642077,-18870571.209115148,2.51454981386045,1,39762683.333333336,149456
761,2023-04-16,81113042.3079312,0,-1.20311034,181033048.8625244,-2.514961927668018,-1,39762033.333333336,149457
762,2023-04-16,81034704.54579346,1,0.0096939,181033048.8625244,-2.514961927668018,-1,39761375.0,149458
763,2023-04-16,81036548.85120708,1,0.00847785,181033048.8625244,-2.514961927668018,-1,39760641.666666664,149459
764,2023-04-16,81038162.618444,1,0.00791907,181033048.8625244,-2.514961927668018,-1,39760000.0,149460
765,2023-04-16,81039671.59560059,1,0.01111191,181033048.8625244,-2.514961927668018,-1,39759400.0,149461
766,2023-04-16,81041788.35522304,1,0.00903796,181033048.8625244,-2.514961927668018,-1,39758558.333333336,149462
767,2023-04-16,81043506.91254029,1,0.00960797,181033048.8625244,-2.514961927668018,-1,39757875.0,149463
768,2023-04-16,81045330.25993785,0,-0.58002267,280993048.8625244,-5.030232765743685,-2,39757150.0,149464
769,2023-04-16,81007761.53910795,1,0.01200275,280993048.8625244,-5.030232765743685,-2,39756666.666666664,149465
770,2023-04-16,81010025.14385253,0,-0.56373341,380953048.8625244,-7.545562653354554,-3,39756216.666666664,149466
771,2023-04-16,80973797.92517924,1,0.01965117,380953048.8625244,-7.545562653354554,-3,39755716.666666664,149467
772,2023-04-16,80977570.7065059,1,0.02004515,380953048.8625244,-7.545562653354554,-3,39755216.666666664,149468
773,2023-04-16,80981406.36752129,1,0.01930029,380953048.8625244,-7.545562653354554,-3,39754708.333333336,149469
774,2023-04-16,80984990.50978166,2,-2.35413915,-19174996.71355945,2.515455377079338,1,39754233.333333336,149470
775,2023-04-16,80823745.55875202,1,-0.02053333,-19174996.71355945,2.515455377079338,1,39753733.333333336,149471
776,2023-04-16,80822341.09616648,2,-0.61197976,-119214996.71355945,5.030977722149889,2,39753175.0,149472
777,2023-04-16,80779448.28397623,2,-0.69686339,-219254996.71355945,7.546536452899576,3,39752600.0,149473
778,2023-04-16,80735109.02551585,1,-0.07387124,-219254996.71355945,7.546536452899576,3,39752025.0,149474
779,2023-04-16,80730392.44023275,0,-2.25160769,180570398.28457123,-2.515634669470761,-1,39751400.0,149475
780,2023-04-16,80571677.06552821,1,0.00654595,180570398.28457123,-2.515634669470761,-1,39750891.666666664,149476
781,2023-04-16,80573060.66459642,0,-0.5382238,280530398.28457123,-5.031336316479665,-2,39750341.666666664,149477
782,2023-04-16,80536121.39418891,0,-0.52350796,380490398.28457123,-7.547076464002667,-3,39749733.333333336,149478
783,2023-04-16,80500335.17854804,1,0.03236045,380490398.28457123,-7.547076464002667,-3,39749175.0,149479
784,2023-04-16,80506938.87045401,1,0.03750198,380490398.28457123,-7.547076464002667,-3,39748300.0,149480
785,2023-04-16,80514548.8392219,1,0.04268527,380490398.28457123,-7.547076464002667,-3,39747291.666666664,149481
786,2023-04-16,80523165.08485162,1,0.04681693,380490398.28457123,-7.547076464002667,-3,39746150.0,149482
787,2023-04-16,80532347.36121613,1,0.04831268,380490398.28457123,-7.547076464002667,-3,39744933.333333336,149483
788,2023-04-16,80541781.20679617,1,0.043659,380490398.28457123,-7.547076464002667,-3,39743683.333333336,149484
789,2023-04-16,80550271.66781813,1,0.03565555,380490398.28457123,-7.547076464002667,-3,39742558.333333336,149485
790,2023-04-16,80557001.14433193,0,-0.47321184,480450398.28457123,-10.063327250331039,-4,39741666.666666664,149486
791,2023-04-16,80526645.16628009,1,0.0549561,480450398.28457123,-10.063327250331039,-4,39740708.333333336,149487
792,2023-04-16,80535786.02186584,1,0.04359132,480450398.28457123,-10.063327250331039,-4,39739800.0,149488
793,2023-04-16,80542998.07306188,1,0.0151285,480450398.28457123,-10.063327250331039,-4,39739083.333333336,149489
794,2023-04-16,80545346.18275362,1,0.00648627,480450398.28457123,-10.063327250331039,-4,39738850.0,149490
795,2023-04-16,80546352.51547867,1,0.01894232,480450398.28457123,-10.063327250331039,-4,39738750.0,149491
796,2023-04-16,80549287.65259331,1,0.0298281,480450398.28457123,-10.063327250331039,-4,39738458.333333336,149492
797,2023-04-16,80553900.01091641,1,0.02879522,480450398.28457123,-10.063327250331039,-4,39738000.0,149493
798,2023-04-16,80558344.64711863,1,0.02581436,480450398.28457123,-10.063327250331039,-4,39737558.333333336,149494
799,2023-04-16,80562202.25589794,1,0.01001446,480450398.28457123,-10.063327250331039,-4,39737175.0,149495
800,2023-04-16,80563544.03286469,2,-3.7847899,-19636410.70883596,2.516543653119623,1,39737041.666666664,149496
801,2023-04-16,80363274.7232074,0,-1.50266007,180283274.8490346,-2.5165515693844727,-1,39736916.666666664,149497
802,2023-04-16,80283610.38924384,1,-0.00118394,180283274.8490346,-2.5165515693844727,-1,39736783.333333336,149498
803,2023-04-16,80283547.47545461,1,0.0007878,180283274.8490346,-2.5165515693844727,-1,39736808.333333336,149499
804,2023-04-16,80283673.30303308,1,0.00472716,180283274.8490346,-2.5165515693844727,-1,39736758.333333336,149500
805,2023-04-16,80284407.29724082,1,0.00444108,180283274.8490346,-2.5165515693844727,-1,39736466.666666664,149501
806,2023-04-16,80285099.34892242,0,-0.71868651,280243274.8490346,-5.033149054087231,-2,39736191.666666664,149502
807,2023-04-16,80246441.52200347,1,0.01114763,280243274.8490346,-5.033149054087231,-2,39735925.0,149503
808,2023-04-16,80248245.06708118,1,0.01038263,280243274.8490346,-5.033149054087231,-2,39735566.666666664,149504
809,2023-04-16,80249880.84052378,1,0.00397193,280243274.8490346,-5.033149054087231,-2,39735241.666666664,149505
810,2023-04-16,80250509.98415554,1,-0.00316082,280243274.8490346,-5.033149054087231,-2,39735116.666666664,149506
811,2023-04-16,80250342.21252039,1,-0.00995788,280243274.8490346,-5.033149054087231,-2,39735150.0,149507
812,2023-04-16,80249880.84052378,1,-0.00544193,280243274.8490346,-5.033149054087231,-2,39735241.666666664,149508
813,2023-04-16,80249629.18307108,1,-0.04806483,280243274.8490346,-5.033149054087231,-2,39735291.666666664,149509
814,2023-04-16,80247406.20890549,1,-0.07681579,280243274.8490346,-5.033149054087231,-2,39735733.333333336,149510
815,2023-04-16,80244092.71911156,0,-0.98789178,380203274.8490346,-7.549733872327941,-3,39736391.666666664,149511
816,2023-04-16,80199562.87878817,1,-0.0777203,380203274.8490346,-7.549733872327941,-3,39736991.666666664,149512
817,2023-04-16,80196165.49854559,2,-3.14489257,-19963837.34519458,2.5165183214067843,1,39737441.666666664,149513
818,2023-04-16,80037337.0300221,1,0.00600735,-19963837.34519458,2.5165183214067843,1,39737908.333333336,149514
819,2023-04-16,80038154.89847656,0,-1.6572015,179958154.10157907,-2.5164681872285883,-1,39738233.333333336,149515
820,2023-04-16,79957545.95510049,1,-0.00259242,179958154.10157907,-2.5164681872285883,-1,39738475.0,149516
821,2023-04-16,79957420.13169113,1,-0.00476383,179958154.10157907,-2.5164681872285883,-1,39738525.0,149517
822,2023-04-16,79957189.45544064,1,-0.0099789,179958154.10157907,-2.5164681872285883,-1,39738616.666666664,149518
823,2023-04-16,79956707.13237141,1,-0.00478003,179958154.10157907,-2.5164681872285883,-1,39738808.333333336,149519
824,2023-04-16,79956476.45612092,1,-0.00174052,179958154.10157907,-2.5164681872285883,-1,39738900.0,149520
825,2023-04-16,79956392.57384801,1,-0.00933121,179958154.10157907,-2.5164681872285883,-1,39738933.333333336,149521
826,2023-04-16,79955973.16248347,0,-0.85930082,279918154.10157907,-5.032881493015584,-2,39739100.0,149522
827,2023-04-16,79915847.34044617,0,-0.83471451,379878154.10157907,-7.549293215719594,-3,39739125.0,149523
828,2023-04-16,79875406.96500856,1,0.00216198,379878154.10157907,-7.549293215719594,-3,39739183.333333336,149524
829,2023-04-16,79875721.51889259,0,-0.78467355,479838154.10157907,-10.065703883036054,-4,39739141.666666664,149525
830,2023-04-16,79836308.68495238,0,-0.72275969,579798154.1015791,-12.582118244212813,-5,39739083.333333336,149526
831,2023-04-16,79798825.10860121,0,0.01956262,579798154.1015791,-12.582118244212813,-5,39738883.333333336,149527
832,2023-04-16,79801865.78717697,1,0.01393602,579798154.1015791,-12.582118244212813,-5,39738641.666666664,149528
833,2023-04-16,79803962.80688429,1,0.01393409,579798154.1015791,-12.582118244212813,-5,39738475.0,149529
834,2023-04-16,79806059.82659167,2,-4.09725866,-20433937.011118293,2.516463437778449,1,39738308.333333336,149530
835,2023-04-16,79565664.54883738,1,-0.0042768,-20433937.011118293,2.516463437778449,1,39738150.0,149531
836,2023-04-16,79565412.9024936,1,-0.00639611,-20433937.011118293,2.516463437778449,1,39738050.0,149532
837,2023-04-16,79565035.43297793,1,-0.00566974,-20433937.011118293,2.516463437778449,1,39737900.0,149533
838,2023-04-16,79564699.90451956,1,-0.01038878,-20433937.011118293,2.516463437778449,1,39737766.666666664,149534
839,2023-04-16,79564154.67077471,1,-0.00919681,-20433937.011118293,2.516463437778449,1,39737550.0,149535
840,2023-04-16,79563672.34861581,1,-0.00662167,-20433937.011118293,2.516463437778449,1,39737358.333333336,149536
841,2023-04-16,79563336.82015744,2,-0.77936878,-120473937.0111183,5.032995480466382,2,39737225.0,149537
842,2023-04-16,79524007.8862215,0,-2.18234093,179404008.70826256,-2.516523598804903,-1,39737358.333333336,149538
843,2023-04-16,79403337.63530289,2,-1.51198145,-20676662.63312629,2.5165067112088355,1,39737625.0,149539
844,2023-04-16,79324784.35823266,2,-0.69054319,-120716662.63312629,5.032977009309906,2,39738200.0,149540
845,2023-04-16,79287804.1444382,0,-2.13496211,179167802.3577272,-2.5164323029381865,-1,39738800.0,149541
846,2023-04-16,79165915.03349999,1,-0.04216741,179167802.3577272,-2.5164323029381865,-1,39739550.0,149542
847,2023-04-16,79163566.36335057,2,-1.30379681,-20916435.331047177,2.516325711522549,1,39740483.333333336,149543
848,2023-04-16,79086395.53537829,1,0.01482776,-20916435.331047177,2.516325711522549,1,39741608.333333336,149544
849,2023-04-16,79089037.67737539,1,0.01535295,-20916435.331047177,2.516325711522549,1,39742658.333333336,149545
850,2023-04-16,79091784.66627713,1,0.01762284,-20916435.331047177,2.516325711522549,1,39743750.0,149546
851,2023-04-16,79094951.04279748,1,0.01812866,-20916435.331047177,2.516325711522549,1,39745008.333333336,149547
852,2023-04-16,79098222.26622245,1,0.01910796,-20916435.331047177,2.516325711522549,1,39746308.333333336,149548
853,2023-04-16,79101682.21407579,1,0.01420342,-20916435.331047177,2.516325711522549,1,39747683.333333336,149549
854,2023-04-16,79104261.4479301,1,0.0139411,-20916435.331047177,2.516325711522549,1,39748708.333333336,149550
855,2023-04-16,79106735.83487976,0,-1.31437919,179026726.5664134,-2.5157427845876374,-1,39749691.666666664,149551
856,2023-04-16,79023938.28482714,0,-0.71220418,278986726.5664134,-5.031415425138268,-2,39750800.0,149552
857,2023-04-16,78977481.30169821,1,-0.09779793,278986726.5664134,-5.031415425138268,-2,39752083.333333336,149553
858,2023-04-16,78971066.24703115,1,-0.10620648,278986726.5664134,-5.031415425138268,-2,39753358.333333336,149554
859,2023-04-16,78964064.19389784,1,-0.08223985,278986726.5664134,-5.031415425138268,-2,39754750.0,149555
860,2023-04-16,78958613.49385396,1,-0.06291316,278986726.5664134,-5.031415425138268,-2,39755833.333333336,149556
861,2023-04-16,78954420.64766636,0,-0.64739772,378946726.5664134,-7.546716842091399,-3,39756666.666666664,149557
862,2023-04-16,78909955.50686806,1,-0.06650142,378946726.5664134,-7.546716842091399,-3,39757258.333333336,149558
863,2023-04-16,78905364.58745587,1,-0.07983478,378946726.5664134,-7.546716842091399,-3,39757866.666666664,149559
864,2023-04-16,78899830.32843828,0,-0.79641341,478906726.5664134,-10.06189594799553,-4,39758600.0,149560
865,2023-04-16,78849600.7342245,1,-0.17829099,478906726.5664134,-10.06189594799553,-4,39759616.666666664,149561
866,2023-04-16,78838868.04521328,1,-0.18658748,478906726.5664134,-10.06189594799553,-4,39760683.333333336,149562
867,2023-04-16,78827548.4122718,2,-2.85887307,-21372483.25898987,2.5149761590739184,1,39761808.333333336,149563
868,2023-04-16,78630639.5030743,1,0.01360852,-21372483.25898987,2.5149761590739184,1,39763050.0,149564
869,2023-04-16,78633447.89311859,2,-0.50403592,-121412483.25898987,5.0298031599331505,2,39764166.666666664,149565
870,2023-04-16,78598016.63098887,2,-0.49681233,-221452483.25898987,7.544572715881429,3,39765075.0,149566
871,2023-04-16,78563172.08901137,2,-0.47533469,-321492483.2589899,10.059299058121853,4,39765758.333333336,149567
872,2023-04-16,78529123.84095407,1,0.02110059,-321492483.2589899,10.059299058121853,4,39766350.0,149568
873,2023-04-16,78533650.52553022,1,0.00625462,-321492483.2589899,10.059299058121853,4,39766800.0,149569
874,2023-04-16,78534991.7654047,1,-0.00351805,-321492483.2589899,10.059299058121853,4,39766933.333333336,149570
875,2023-04-16,78534740.28292823,1,0.00039102,-321492483.2589899,10.059299058121853,4,39766908.333333336,149571
876,2023-04-16,78534824.11042035,1,0.00626212,-321492483.2589899,10.059299058121853,4,39766916.666666664,149572
877,2023-04-16,78536165.35029477,0,-2.51888747,178336153.89085108,-2.5146446618494456,-1,39767050.0,149573
878,2023-04-16,78335504.27431343,0,-0.51892616,278296153.8908511,-5.029272988257422,-2,39767308.333333336,149574
879,2023-04-16,78293324.92268524,0,-0.54250998,378256153.8908511,-7.543873913756293,-3,39767741.666666664,149575
880,2023-04-16,78249238.65764856,1,-0.06877309,378256153.8908511,-7.543873913756293,-3,39768283.333333336,149576
881,2023-04-16,78243643.6178292,1,-0.07295805,378256153.8908511,-7.543873913756293,-3,39769025.0,149577
882,2023-04-16,78238174.30924171,1,-0.07437016,378256153.8908511,-7.543873913756293,-3,39769750.0,149578
883,2023-04-16,78232579.26942241,1,-0.08106944,378256153.8908511,-7.543873913756293,-3,39770491.666666664,149579
884,2023-04-16,78226732.7671392,2,-2.0087226,-21933279.00131029,2.5143780518263608,1,39771266.666666664,149580
885,2023-04-16,78068648.68852946,1,0.00710704,-21933279.00131029,2.5143780518263608,1,39772033.333333336,149581
886,2023-04-16,78070324.940564,1,0.00649209,-21933279.00131029,2.5143780518263608,1,39772700.0,149582
887,2023-04-16,78071854.52054554,1,0.00587459,-21933279.00131029,2.5143780518263608,1,39773308.333333336,149583
888,2023-04-16,78073237.42847405,1,0.00668155,-21933279.00131029,2.5143780518263608,1,39773858.333333336,149584
889,2023-04-16,78074808.91475645,1,0.00651012,-21933279.00131029,2.5143780518263608,1,39774483.333333336,149585
890,2023-04-16,78076338.49473795,1,0.00647511,-21933279.00131029,2.5143780518263608,1,39775091.666666664,149586
891,2023-04-16,78077826.16841863,2,-0.48220373,-121973279.00131029,5.028476908707512,2,39775683.333333336,149587
892,2023-04-16,78040968.96648657,0,-1.49124983,177920963.26729947,-2.5140593531702393,-1,39776308.333333336,149588
893,2023-04-16,77919412.93069835,1,-0.01860923,177920963.26729947,-2.5140593531702393,-1,39776925.0,149589
894,2023-04-16,77917925.44558106,1,-0.01682968,177920963.26729947,-2.5140593531702393,-1,39777516.666666664,149590
895,2023-04-16,77916605.56442066,1,-0.0149263,177920963.26729947,-2.5140593531702393,-1,39778041.666666664,149591
896,2023-04-16,77915432.3367225,1,-0.01729346,177920963.26729947,-2.5140593531702393,-1,39778508.333333336,149592
897,2023-04-16,77914070.55457287,0,-0.52896558,277880963.2672995,-5.027945431394833,-2,39779050.0,149593
898,2023-04-16,77871430.88322139,1,-0.04088424,277880963.2672995,-5.027945431394833,-2,39779575.0,149594
899,2023-04-16,77868539.81459832,2,-1.57149655,-22251465.154782742,2.513816564291487,1,39780150.0,149595
900,2023-04-16,77749645.11419982,1,0.00415633,-22251465.154782742,2.513816564291487,1,39780591.666666664,149596
901,2023-04-16,77750587.79541142,1,0.00092391,-22251465.154782742,2.513816564291487,1,39780966.666666664,149597
902,2023-04-16,77750797.28012513,1,-0.00110897,-22251465.154782742,2.513816564291487,1,39781050.0,149598
903,2023-04-16,77750713.48623964,1,0.00101696,-22251465.154782742,2.513816564291487,1,39781016.666666664,149599
904,2023-04-16,77750943.91942471,2,-0.52515083,-122291465.15478274,5.027572570335394,2,39781108.333333336,149600
905,2023-04-16,77710399.26572958,1,0.00332795,-122291465.15478274,5.027572570335394,2,39781000.0,149601
906,2023-04-16,77711153.40161511,2,-0.5474066,-222331465.15478274,7.541325943478202,3,39781150.0,149602
907,2023-04-16,77671656.15667799,1,-0.00820852,-222331465.15478274,7.541325943478202,3,39781216.666666664,149603
908,2023-04-16,77671090.55723223,1,-0.01212184,-222331465.15478274,7.541325943478202,3,39781141.666666664,149604
909,2023-04-16,77670273.58025506,1,-0.01914508,-222331465.15478274,7.541325943478202,3,39781033.333333336,149605
910,2023-04-16,77669079.53698066,1,-0.02419685,-222331465.15478274,7.541325943478202,3,39780875.0,149606
911,2023-04-16,77667571.27179196,1,-0.03184884,-222331465.15478274,7.541325943478202,3,39780675.0,149607
912,2023-04-16,77665685.9403061,1,-0.05392111,-222331465.15478274,7.541325943478202,3,39780425.0,149608
913,2023-04-16,77662480.87678012,1,-0.06314809,-222331465.15478274,7.541325943478202,3,39780000.0,149609
914,2023-04-16,77658710.21380839,1,-0.08163292,-222331465.15478274,7.541325943478202,3,39779500.0,149610
915,2023-04-16,77653808.35194513,1,-0.05833339,-222331465.15478274,7.541325943478202,3,39778850.0,149611
916,2023-04-16,77650289.06650487,0,-2.36887204,177490296.36481634,-2.513928209752114,-1,39778383.333333336,149612
917,2023-04-16,77491343.83490375,1,0.00551092,177490296.36481634,-2.513928209752114,-1,39777966.666666664,149613
918,2023-04-16,77492454.15319638,1,0.00769009,177490296.36481634,-2.513928209752114,-1,39777525.0,149614
919,2023-04-16,77494004.40892573,1,0.01031042,177490296.36481634,-2.513928209752114,-1,39776908.333333336,149615
920,2023-04-16,77495973.65269004,0,-0.58775572,277450296.3648163,-5.027999150548886,-2,39776125.0,149616
921,2023-04-16,77458780.95221576,1,0.00798741,277450296.3648163,-5.027999150548886,-2,39775566.666666664,149617
922,2023-04-16,77460289.35196093,1,0.00870278,277450296.3648163,-5.027999150548886,-2,39775266.666666664,149618
923,2023-04-16,77461923.45168483,1,0.01638262,277450296.3648163,-5.027999150548886,-2,39774941.666666664,149619
924,2023-04-16,77464982.15116808,1,0.01940134,277450296.3648163,-5.027999150548886,-2,39774333.333333336,149620
925,2023-04-16,77468585.55055931,1,0.02402525,277450296.3648163,-5.027999150548886,-2,39773616.666666664,149621
926,2023-04-16,77472901.24983019,1,0.01664875,277450296.3648163,-5.027999150548886,-2,39772758.333333336,149622
927,2023-04-16,77475876.1493276,1,0.01580301,277450296.3648163,-5.027999150548886,-2,39772166.666666664,149623
928,2023-04-16,77478683.44885331,1,0.01567917,277450296.3648163,-5.027999150548886,-2,39771608.333333336,149624
929,2023-04-16,77481365.04840028,1,0.01360391,277450296.3648163,-5.027999150548886,-2,39771075.0,149625
930,2023-04-16,77483669.54801098,1,0.00948948,277450296.3648163,-5.027999150548886,-2,39770616.666666664,149626
931,2023-04-16,77485261.74774197,0,-0.77538738,377410296.3648163,-7.542438317464901,-3,39770300.0,149627
932,2023-04-16,77447021.65001607,1,0.01103448,377410296.3648163,-7.542438317464901,-3,39770066.666666664,149628
933,2023-04-16,77448655.84498483,1,0.01402409,377410296.3648163,-7.542438317464901,-3,39769850.0,149629
934,2023-04-16,77450667.16186947,1,0.01403594,377410296.3648163,-7.542438317464901,-3,39769583.333333336,149630
935,2023-04-16,77452615.62510145,1,0.00186881,377410296.3648163,-7.542438317464901,-3,39769325.0,149631
936,2023-04-16,77452867.03971207,1,0.01958814,377410296.3648163,-7.542438317464901,-3,39769291.666666664,149632
937,2023-04-16,77455506.89312321,1,0.01727199,377410296.3648163,-7.542438317464901,-3,39768941.666666664,149633
938,2023-04-16,77457832.47827101,2,-3.11551667,-22702148.50728357,2.514544544737519,1,39768633.333333336,149634
939,2023-04-16,77297180.94750449,1,-0.00893624,-22702148.50728357,2.514544544737519,1,39768366.666666664,149635
940,2023-04-16,77296719.9476713,0,-1.44762763,177216720.4002893,-2.514572998263687,-1,39768183.333333336,149636
941,2023-04-16,77217160.450564,0,-0.81618739,277176720.4002893,-5.029157061961454,-2,39768008.333333336,149637
942,2023-04-16,77177789.09519672,1,-0.00991414,277176720.4002893,-5.029157061961454,-2,39767883.333333336,149638
943,2023-04-16,77177328.08913273,2,-2.42159542,-22942671.667791724,2.514586171410538,1,39767975.0,149639
944,2023-04-16,77057034.96382162,0,-1.50469185,176977035.08116898,-2.514593548433062,-1,39767858.333333336,149640
945,2023-04-16,76977663.7295561,0,-0.69762095,276937035.081169,-5.029202904917286,-2,39767608.333333336,149641
946,2023-04-16,76939926.87086335,1,0.0007782,276937035.081169,-5.029202904917286,-2,39767158.333333336,149642
947,2023-04-16,76940052.60093597,1,-0.00703354,276937035.081169,-5.029202904917286,-2,39767133.333333336,149643
948,2023-04-16,76939675.41071811,0,-0.87843159,376897035.081169,-7.5438375546967835,-3,39767208.333333336,149644
949,2023-04-16,76896783.60632217,1,-0.01541793,376897035.081169,-7.5438375546967835,-3,39767591.666666664,149645
950,2023-04-16,76896029.22256672,2,-2.87032478,-23263971.17977673,2.514604087111753,1,39767691.666666664,149646
951,2023-04-16,76736301.23566605,1,0.00163042,-23263971.17977673,2.514604087111753,1,39767800.0,149647
952,2023-04-16,76736573.65110883,1,0.00175416,-23263971.17977673,2.514604087111753,1,39767908.333333336,149648
953,2023-04-16,76736867.02158566,1,0.00200297,-23263971.17977673,2.514604087111753,1,39768025.0,149649
954,2023-04-16,76737202.30213061,1,-0.00337578,-23263971.17977673,2.514604087111753,1,39768158.333333336,149650
955,2023-04-16,76737013.70682408,1,-0.00501291,-23263971.17977673,2.514604087111753,1,39768083.333333336,149651
956,2023-04-16,76736741.2913813,1,0.00198495,-23263971.17977673,2.514604087111753,1,39767975.0,149652
957,2023-04-16,76737034.66185811,1,0.00212998,-23263971.17977673,2.514604087111753,1,39768091.666666664,149653
958,2023-04-16,76737348.987369,2,-0.77539046,-123303971.17977673,5.029174977684753,2,39768216.666666664,149654
959,2023-04-16,76697977.63424122,1,0.00551165,-123303971.17977673,5.029174977684753,2,39768341.666666664,149655
960,2023-04-16,76698815.83007085,1,0.00911479,-123303971.17977673,5.029174977684753,2,39768508.333333336,149656
961,2023-04-16,76700198.85318974,0,-2.25198493,176580197.18517655,-2.514535060371891,-1,39768783.333333336,149657
962,2023-04-16,76578918.96318755,1,-0.02337511,176580197.18517655,-2.514535060371891,-1,39769291.666666664,149658
963,2023-04-16,76577661.69565736,0,-0.80412117,276540197.18517655,-5.02900636658735,-2,39769791.666666664,149659
964,2023-04-16,76537033.06986156,1,-0.02318415,276540197.18517655,-5.02900636658735,-2,39769916.666666664,149660
965,2023-04-16,76535859.63504267,2,-2.15914664,-23584142.099977374,2.5144486505582706,1,39770150.0,149661
966,2023-04-16,76415753.13132887,1,0.00339181,-23584142.099977374,2.5144486505582706,1,39770108.333333336,149662
967,2023-04-16,76416318.88227524,0,-1.36295323,176336318.69788235,-2.514437059449673,-1,39770333.333333336,149663
968,2023-04-16,76335962.48596561,1,-0.02047215,176336318.69788235,-2.514437059449673,-1,39770475.0,149664
969,2023-04-16,76334789.08200455,1,-0.02226712,176336318.69788235,-2.514437059449673,-1,39770941.666666664,149665
970,2023-04-16,76333510.90983264,1,-0.01614893,176336318.69788235,-2.514437059449673,-1,39771450.0,149666
971,2023-04-16,76332609.90321967,1,-0.00713646,176336318.69788235,-2.514437059449673,-1,39771808.333333336,149667
972,2023-04-16,76332211.7840186,2,-1.35365236,-23747789.85874693,2.514333797926345,1,39771966.666666664,149668
973,2023-04-16,76252231.09403472,0,-1.2766516,176172231.0856536,-2.514333271103585,-1,39771975.0,149669
974,2023-04-16,76172629.18842153,1,0.00112142,176172231.0856536,-2.514333271103585,-1,39771816.666666664,149670
975,2023-04-16,76172838.71619411,1,0.00393186,176172231.0856536,-2.514333271103585,-1,39771733.333333336,149671
976,2023-04-16,76173572.0633982,1,0.00202696,176172231.0856536,-2.514333271103585,-1,39771441.666666664,149672
977,2023-04-16,76173949.21338886,1,0.00677945,176172231.0856536,-2.514333271103585,-1,39771291.666666664,149673
978,2023-04-16,76175206.3800244,0,-0.597287,276132231.0856536,-5.028741353249297,-2,39770791.666666664,149674
979,2023-04-16,76137469.31363338,1,0.00620977,276132231.0856536,-5.028741353249297,-2,39770341.666666664,149675
980,2023-04-16,76138642.6866158,1,-0.01040464,276132231.0856536,-5.028741353249297,-2,39770108.333333336,149676
981,2023-04-16,76138056.0001246,1,-0.01558404,276132231.0856536,-5.028741353249297,-2,39770225.0,149677
982,2023-04-16,76137175.97038779,1,0.00123561,276132231.0856536,-5.028741353249297,-2,39770400.0,149678
983,2023-04-16,76137385.50127748,1,-0.01627532,276132231.0856536,-5.028741353249297,-2,39770358.333333336,149679
984,2023-04-16,76136463.56536275,1,-0.02659134,276132231.0856536,-5.028741353249297,-2,39770541.666666664,149680
985,2023-04-16,76134996.84913468,2,-1.97957032,-23985002.044559926,2.5144054478784703,1,39770833.333333336,149681
986,2023-04-16,76015857.0439681,1,0.0004637,-23985002.044559926,2.5144054478784703,1,39771175.0,149682
987,2023-04-16,76015940.85748303,1,0.00138842,-23985002.044559926,2.5144054478784703,1,39771208.333333336,149683
988,2023-04-16,76016192.29802781,1,0.00230895,-23985002.044559926,2.5144054478784703,1,39771308.333333336,149684
989,2023-04-16,76016611.36560246,1,0.0016118,-23985002.044559926,2.5144054478784703,1,39771475.0,149685
990,2023-04-16,76016904.7129047,1,0.00057451,-23985002.044559926,2.5144054478784703,1,39771591.666666664,149686
991,2023-04-16,76017009.47979838,1,-0.00206409,-23985002.044559926,2.5144054478784703,1,39771633.333333336,149687
992,2023-04-16,76016883.75952598,1,0.00297711,-23985002.044559926,2.5144054478784703,1,39771583.333333336,149688
993,2023-04-16,76017428.54737303,1,0.00285913,-23985002.044559926,2.5144054478784703,1,39771800.0,149689
994,2023-04-16,76017952.38184133,1,0.00823382,-23985002.044559926,2.5144054478784703,1,39772008.333333336,149690
995,2023-04-16,76019461.02511007,1,0.01117067,-23985002.044559926,2.5144054478784703,1,39772608.333333336,149691
996,2023-04-16,76021451.59608963,1,0.01258706,-23985002.044559926,2.5144054478784703,1,39773400.0,149692
997,2023-04-16,76023693.60761398,1,0.01294264,-23985002.044559926,2.5144054478784703,1,39774291.666666664,149693
998,2023-04-16,76025998.47927454,0,-1.30883875,175945994.07906502,-2.514128880531738,-1,39775208.333333336,149694
999,2023-04-16,75943710.41199856,2,-1.19316747,-24136290.50146827,2.514071467509607,1,39776116.666666664,149695
1000,2023-04-16,75864757.02830987,1,0.00463862,-24136290.50146827,2.514071467509607,1,39776533.333333336,149696
1001,2023-04-16,75865678.85451461,1,0.00410761,-24136290.50146827,2.514071467509607,1,39776900.0,149697
1002,2023-04-16,75866495.92774156,1,0.00046863,-24136290.50146827,2.514071467509607,1,39777225.0,149698
1003,2023-04-16,75866579.73012382,1,0.00433855,-24136290.50146827,2.514071467509607,1,39777258.333333336,149699
1004,2023-04-16,75867354.90215962,1,0.00695954,-24136290.50146827,2.514071467509607,1,39777566.666666664,149700
1005,2023-04-16,75868528.13551113,0,-1.41645687,175788526.20805633,-2.513950329369392,-1,39778033.333333336,149701
1006,2023-04-16,75786410.29986246,0,-0.71793693,275748526.20805633,-5.027847466983264,-2,39778875.0,149702
1007,2023-04-16,75743519.28756893,1,-0.05118285,275748526.20805633,-5.027847466983264,-2,39779450.0,149703
1008,2023-04-16,75740712.0727332,1,-0.01300002,275748526.20805633,-5.027847466983264,-2,39780008.333333336,149704
1009,2023-04-16,75740041.69307095,1,-0.04099454,275748526.20805633,-5.027847466983264,-2,39780141.666666664,149705
1010,2023-04-16,75737988.65535524,0,-0.81162612,375708526.20805633,-7.541638754434041,-3,39780550.0,149706
1011,2023-04-16,75695914.70469779,1,-0.0326987,375708526.20805633,-7.541638754434041,-3,39780825.0,149707
1012,2023-04-16,75694217.83597803,1,-0.0288133,375708526.20805633,-7.541638754434041,-3,39781050.0,149708
1013,2023-04-16,75692772.35521674,0,-0.8003111,475668526.20805633,-10.055386335213843,-4,39781241.666666664,149709
1014,2023-04-16,75651264.04726654,1,-0.09415582,475668526.20805633,-10.055386335213843,-4,39781391.666666664,149710
1015,2023-04-16,75646990.50807405,2,-3.70842494,-24553018.10620594,2.5137112474752916,1,39781816.666666664,149711
1016,2023-04-16,75447861.69273068,1,-0.00974663,-24553018.10620594,2.5137112474752916,1,39782166.666666664,149712
1017,2023-04-16,75447338.00288747,1,-0.01246596,-24553018.10620594,2.5137112474752916,1,39781958.333333336,149713
1018,2023-04-16,75446667.67988813,1,-0.01790906,-24553018.10620594,2.5137112474752916,1,39781691.666666664,149714
1019,2023-04-16,75445704.09057662,1,-0.01206563,-24553018.10620594,2.5137112474752916,1,39781308.333333336,149715
1020,2023-04-16,75445054.71517101,2,-0.73024651,-124593018.10620594,5.027470939590005,2,39781050.0,149716
1021,2023-04-16,75404510.0724859,1,-0.00226299,-124593018.10620594,5.027470939590005,2,39780941.666666664,149717
1022,2023-04-16,75404384.38571241,1,0.00388833,-124593018.10620594,5.027470939590005,2,39780916.666666664,149718
1023,2023-04-16,75405012.81957984,1,0.00959649,-124593018.10620594,5.027470939590005,2,39781041.666666664,149719
1024,2023-04-16,75406562.9564529,1,0.01375524,-124593018.10620594,5.027470939590005,2,39781350.0,149720
1025,2023-04-16,75408783.42278454,1,0.0143473,-124593018.10620594,5.027470939590005,2,39781791.666666664,149721
1026,2023-04-16,75410878.20234272,0,-2.23639368,175290876.6438193,-2.513686499304023,-1,39782208.333333336,149722
1027,2023-04-16,75290981.38075678,1,-0.00322728,175290876.6438193,-2.513686499304023,-1,39782166.666666664,149723
1028,2023-04-16,75290813.80165683,0,-0.7159319,275250876.64381933,-5.027371418954084,-2,39782233.333333336,149724
1029,2023-04-16,75252531.48689169,0,-0.75050093,375210876.64381933,-7.541077927380133,-3,39781891.666666664,149725
1030,2023-04-16,75214982.3372181,2,-2.82887609,-24945016.020504534,2.513727044435153,1,39781566.666666664,149726
1031,2023-04-16,75054460.28636122,1,0.00274711,-24945016.020504534,2.513727044435153,1,39781358.333333336,149727
1032,2023-04-16,75054900.188594,0,-1.42509377,174974900.22211036,-2.513729150711469,-1,39781533.333333336,149728
1033,2023-04-16,74974104.2078793,2,-1.31308779,-25105896.110526383,2.5137091412289774,1,39781850.0,149729
1034,2023-04-16,74895423.58677275,2,-0.61473267,-125145896.11052638,5.027385109544092,2,39782375.0,149730
1035,2023-04-16,74857644.01519611,1,0.01274869,-125145896.11052638,5.027385109544092,2,39782816.666666664,149731
1036,2023-04-16,74859990.12824726,1,-0.00433242,-125145896.11052638,5.027385109544092,2,39783283.333333336,149732
1037,2023-04-16,74859738.75899181,0,-2.0224879,174739736.505044,-2.5136217351195684,-1,39783233.333333336,149733
1038,2023-04-16,74738919.5779801,1,-0.02101726,174739736.505044,-2.5136217351195684,-1,39783558.333333336,149734
1039,2023-04-16,74737662.76711255,0,-0.69872867,274699736.505044,-5.027191345392694,-2,39784058.333333336,149735
1040,2023-04-16,74694604.55904412,1,-0.01833656,274699736.505044,-5.027191345392694,-2,39784666.666666664,149736
1041,2023-04-16,74693473.4409914,1,-0.01424121,274699736.505044,-5.027191345392694,-2,39784891.666666664,149737
1042,2023-04-16,74692593.68250597,1,-0.02363611,274699736.505044,-5.027191345392694,-2,39785066.666666664,149738
1043,2023-04-16,74691169.31162477,1,-0.02428696,274699736.505044,-5.027191345392694,-2,39785350.0,149739
1044,2023-04-16,74689703.04748237,1,-0.01456923,274699736.505044,-5.027191345392694,-2,39785641.666666664,149740
1045,2023-04-16,74688823.28899693,1,-0.01664911,274699736.505044,-5.027191345392694,-2,39785816.666666664,149741
1046,2023-04-16,74687817.85072786,2,-1.82905026,-25432186.91673386,2.5134458882329263,1,39786016.666666664,149742
1047,2023-04-16,74568231.9909142,1,0.00053428,-25432186.91673386,2.5134458882329263,1,39786183.333333336,149743
1048,2023-04-16,74568336.7178262,2,-0.59385117,-125472186.91673386,5.02687861526345,2,39786225.0,149744
1049,2023-04-16,74528588.06175697,1,-0.01553765,-125472186.91673386,5.02687861526345,2,39786275.0,149745
1050,2023-04-16,74527624.57668903,1,0.00157651,-125472186.91673386,5.02687861526345,2,39786083.333333336,149746
1051,2023-04-16,74527917.81127492,1,0.00337908,-125472186.91673386,5.02687861526345,2,39786141.666666664,149747
1052,2023-04-16,74528546.17110181,0,-1.77939917,174408545.8778667,-2.5134300948065835,-1,39786266.666666664,149748
1053,2023-04-16,74409383.68789826,1,0.00573711,174408545.8778667,-2.5134300948065835,-1,39785933.333333336,149749
1054,2023-04-16,74410535.67669173,1,0.01096696,174408545.8778667,-2.5134300948065835,-1,39785475.0,149750
1055,2023-04-16,74412734.92802468,1,0.01590879,174408545.8778667,-2.5134300948065835,-1,39784600.0,149751
1056,2023-04-16,74415918.60614477,1,0.01351976,174408545.8778667,-2.5134300948065835,-1,39783333.333333336,149752
1057,2023-04-16,74418620.54349668,1,0.01637758,174408545.8778667,-2.5134300948065835,-1,39782258.333333336,149753
1058,2023-04-16,74421888.00261994,0,-0.48939815,274368545.8778667,-5.027195579340118,-2,39780958.333333336,149754
1059,2023-04-16,74388632.82335556,0,-0.47933748,374328545.8778667,-7.541045846876633,-3,39779616.666666664,149755
1060,2023-04-16,74355356.92256898,1,0.02812313,374328545.8778667,-7.541045846876633,-3,39778725.0,149756
1061,2023-04-16,74361201.2331003,0,-0.44968078,474288545.8778667,-10.055001442878941,-4,39777950.0,149757
1062,2023-04-16,74329412.81761193,1,0.04048286,474288545.8778667,-10.055001442878941,-4,39777133.333333336,149758
1063,2023-04-16,74337540.61044496,1,0.04679821,474288545.8778667,-10.055001442878941,-4,39776325.0,149759
1064,2023-04-16,74346422.52838624,1,0.04927762,474288545.8778667,-10.055001442878941,-4,39775441.666666664,149760
1065,2023-04-16,74355723.4047209,1,0.05900067,474288545.8778667,-10.055001442878941,-4,39774516.666666664,149761
1066,2023-04-16,74366783.90630805,2,-2.86048029,-25833184.79848057,2.5142421340887235,1,39773416.666666664,149762
1067,2023-04-16,74163840.0149941,1,-0.04654844,-25833184.79848057,2.5142421340887235,1,39772233.333333336,149763
1068,2023-04-16,74160529.59618421,2,-0.63211007,-125873184.79848057,5.02864231344927,2,39770916.666666664,149764
1069,2023-04-16,74114327.60399765,1,-0.08510763,-125873184.79848057,5.02864231344927,2,39769683.333333336,149765
1070,2023-04-16,74108377.04392672,1,-0.08091563,-125873184.79848057,5.02864231344927,2,39768500.0,149766
1071,2023-04-16,74102845.53738192,1,-0.07834157,-125873184.79848057,5.02864231344927,2,39767400.0,149767
1072,2023-04-16,74097481.65224758,1,-0.07690175,-125873184.79848057,5.02864231344927,2,39766333.333333336,149768
1073,2023-04-16,74092201.57781845,1,-0.07128548,-125873184.79848057,5.02864231344927,2,39765283.333333336,149769
1074,2023-04-16,74087298.65156284,1,-0.0729277,-125873184.79848057,5.02864231344927,2,39764308.333333336,149770
1075,2023-04-16,74082395.72530723,1,-0.05043535,-125873184.79848057,5.02864231344927,2,39763333.333333336,149771
1076,2023-04-16,74079001.39174566,1,-0.02428085,-125873184.79848057,5.02864231344927,2,39762658.333333336,149772
1077,2023-04-16,74077367.08299378,1,-0.01660264,-125873184.79848057,5.02864231344927,2,39762333.333333336,149773
1078,2023-04-16,74076277.54382583,0,-1.69679793,173956297.75888893,-2.514956656817817,-1,39762116.666666664,149774
1079,2023-04-16,73956779.79224814,1,0.00371239,173956297.75888893,-2.514956656817817,-1,39761925.0,149775
1080,2023-04-16,73957471.40532877,2,-1.23366487,-26122528.125212654,2.5149861738635093,1,39761650.0,149776
1081,2023-04-16,73876738.33715332,1,-0.00864754,-26122528.125212654,2.5149861738635093,1,39761358.333333336,149777
1082,2023-04-16,73876172.4652642,1,-0.01921317,-26122528.125212654,2.5149861738635093,1,39761133.333333336,149778
1083,2023-04-16,73874914.97217727,0,-1.14436425,173794915.9949383,-2.5150504812549093,-1,39760633.333333336,149779
1084,2023-04-16,73796299.272703,1,0.00563394,173794915.9949383,-2.5150504812549093,-1,39760083.333333336,149780
1085,2023-04-16,73797431.04541957,1,0.0053249,173794915.9949383,-2.5150504812549093,-1,39759633.333333336,149781
1086,2023-04-16,73798499.9418741,0,-0.5609714,273754915.9949383,-5.030191103815092,-2,39759208.333333336,149782
1087,2023-04-16,73760050.91746446,1,0.00856332,273754915.9949383,-5.030191103815092,-2,39758900.0,149783
1088,2023-04-16,73761811.4843508,2,-1.65134526,-26358185.75745341,2.5151822689710768,1,39758550.0,149784
1089,2023-04-16,73640116.49451503,1,-0.0133443,-26358185.75745341,2.5151822689710768,1,39757875.0,149785
1090,2023-04-16,73639131.3814597,2,-0.59642061,-126398185.75745341,5.030432018598924,2,39757483.333333336,149786
1091,2023-04-16,73597035.36811858,1,-0.05038311,-126398185.75745341,5.030432018598924,2,39757066.666666664,149787
1092,2023-04-16,73593472.14543876,1,-0.06652129,-126398185.75745341,5.030432018598924,2,39756358.333333336,149788
1093,2023-04-16,73588860.91608837,1,-0.07094055,-126398185.75745341,5.030432018598924,2,39755441.666666664,149789
1094,2023-04-16,73584040.08540389,0,-1.77969894,173464047.19506675,-2.515439558389431,-1,39754483.333333336,149790
1095,2023-04-16,73466269.16667667,1,0.01025245,173464047.19506675,-2.515439558389431,-1,39753600.0,149791
1096,2023-04-16,73468302.48031971,1,0.00579526,173464047.19506675,-2.515439558389431,-1,39752791.666666664,149792
1097,2023-04-16,73469392.50412834,1,0.00635524,173464047.19506675,-2.515439558389431,-1,39752358.333333336,149793
1098,2023-04-16,73470524.4519296,1,0.0100469,173464047.19506675,-2.515439558389431,-1,39751908.333333336,149794
1099,2023-04-16,73472264.29762417,1,0.0117389,173464047.19506675,-2.515439558389431,-1,39751216.666666664,149795
1100,2023-04-16,73474297.6112672,1,0.0109086,173464047.19506675,-2.515439558389431,-1,39750408.333333336,149796
1101,2023-04-16,73476184.19093598,1,0.01263628,173464047.19506675,-2.515439558389431,-1,39749658.333333336,149797
1102,2023-04-16,73478175.58058639,1,0.01280249,173464047.19506675,-2.515439558389431,-1,39748866.666666664,149798
1103,2023-04-16,73480187.9322331,0,-0.67564327,273424047.19506675,-5.031285192810225,-2,39748066.666666664,149799
1104,2023-04-16,73445009.58054283,0,-0.64818496,373384047.19506675,-7.547191486203056,-3,39747108.333333336,149800
1105,2023-04-16,73410355.50784558,0,-0.59690928,473344047.19506675,-10.063142616368303,-4,39746400.0,149801
1106,2023-04-16,73377651.28624249,2,-3.1937161,-26822335.272121012,2.515997023575521,1,39745675.0,149802
1107,2023-04-16,73176029.32981366,1,-0.0242433,-26822335.272121012,2.515997023575521,1,39745025.0,149803
1108,2023-04-16,73174498.76495765,1,-0.0172668,-26822335.272121012,2.515997023575521,1,39744416.666666664,149804
1109,2023-04-16,73173408.49958079,1,-0.01328362,-26822335.272121012,2.515997023575521,1,39743983.333333336,149805
1110,2023-04-16,73172569.83390625,1,-0.02808962,-26822335.272121012,2.515997023575521,1,39743650.0,149806
1111,2023-04-16,73170934.43584092,2,-0.71881179,-126862335.27212101,5.032163392495834,2,39743000.0,149807
1112,2023-04-16,73127789.3337206,1,-0.02010033,-126862335.27212101,5.032163392495834,2,39742375.0,149808
1113,2023-04-16,73126615.16226235,1,-0.00933508,-126862335.27212101,5.032163392495834,2,39742141.666666664,149809
1114,2023-04-16,73126070.01122817,1,-0.01793491,-126862335.27212101,5.032163392495834,2,39742033.333333336,149810
1115,2023-04-16,73125021.64385474,0,-1.8860191,173005026.70108837,-2.516240761464779,-1,39741825.0,149811
1116,2023-04-16,73005320.26251054,1,0.00047793,173005026.70108837,-2.516240761464779,-1,39741708.333333336,149812
1117,2023-04-16,73005404.13720259,0,-0.66497657,272965026.70108837,-5.032491020166759,-2,39741675.0,149813
1118,2023-04-16,72965362.1997774,2,-1.8353922,-27154637.666023135,2.51624973107581,1,39741683.333333336,149814
1119,2023-04-16,72845509.11521116,1,0.0,-27154637.666023135,2.51624973107581,1,39741741.666666664,149815
1120,2023-04-16,72845509.11521116,0,-1.15854972,172765509.05649868,-2.5162460376988176,-1,39741741.666666664,149816
1121,2023-04-16,72765718.74366848,1,0.00091169,172765509.05649868,-2.5162460376988176,-1,39741658.333333336,149817
1122,2023-04-16,72765907.46212131,1,0.00113729,172765509.05649868,-2.5162460376988176,-1,39741583.333333336,149818
1123,2023-04-16,72766138.1180081,1,-0.00253305,172765509.05649868,-2.5162460376988176,-1,39741491.666666664,149819
1124,2023-04-16,72765970.36827224,0,-0.61046736,272725509.05649865,-5.0325036831904075,-2,39741558.333333336,149820
1125,2023-04-16,72724334.80457518,1,-0.00501553,272725509.05649865,-5.0325036831904075,-2,39741883.333333336,149821
1126,2023-04-16,72723999.30432963,1,-0.00249488,272725509.05649865,-5.0325036831904075,-2,39741950.0,149822
1127,2023-04-16,72723831.55420685,1,-0.01178,272725509.05649865,-5.0325036831904075,-2,39741983.333333336,149823
1128,2023-04-16,72723034.7411237,1,-0.01478612,272725509.05649865,-5.0325036831904075,-2,39742141.666666664,149824
1129,2023-04-16,72722028.24038705,0,-0.59952253,372685509.05649865,-7.54871173249802,-3,39742341.666666664,149825
1130,2023-04-16,72679889.43872952,1,-0.02743787,372685509.05649865,-7.54871173249802,-3,39742625.0,149826
1131,2023-04-16,72678190.97858971,1,-0.03356306,372685509.05649865,-7.54871173249802,-3,39742850.0,149827
1132,2023-04-16,72676115.08286327,0,-0.68250892,472645509.05649865,-10.064870187576728,-4,39743125.0,149828
1133,2023-04-16,72634018.23490751,0,-0.65655719,572605509.0564986,-12.581015453030053,-5,39743333.333333336,149829
1134,2023-04-16,72592550.4497714,2,-3.28845384,-27647454.733671248,2.516137879323511,1,39743450.0,149830
1135,2023-04-16,72352754.94448537,1,-0.00259557,-27647454.733671248,2.516137879323511,1,39743533.333333336,149831
1136,2023-04-16,72352566.2341444,0,-1.05251231,172272566.2257573,-2.516137351744469,-1,39743458.333333336,149832
1137,2023-04-16,72272775.90386996,2,-1.01217473,-27807224.012258798,2.516142627544842,1,39743375.0,149833
1138,2023-04-16,72192880.82701734,1,8.878e-05,-27807224.012258798,2.516142627544842,1,39743416.666666664,149834
1139,2023-04-16,72192901.79487257,2,-0.50557799,-127847224.0122588,5.032282089606806,2,39743425.0,149835
1140,2023-04-16,72152314.69529545,1,-0.02350387,-127847224.0122588,5.032282089606806,2,39743308.333333336,149836
1141,2023-04-16,72150427.58951187,1,-0.03704759,-127847224.0122588,5.032282089606806,2,39742933.333333336,149837
1142,2023-04-16,72147450.15594214,2,-0.57567751,-227887224.0122588,7.548490138914419,3,39742341.666666664,149838
1143,2023-04-16,72102983.9659433,1,-0.04306872,-227887224.0122588,7.548490138914419,3,39741750.0,149839
1144,2023-04-16,72099650.04946533,0,-1.96679392,171939655.29984066,-2.51627347447251,-1,39741308.333333336,149840
1145,2023-04-16,71941018.28130601,1,0.00537817,171939655.29984066,-2.51627347447251,-1,39740766.666666664,149841
1146,2023-04-16,71942318.35593449,0,-0.45763784,271899655.2998407,-5.032613960503674,-2,39740250.0,149842
1147,2023-04-16,71904750.78601545,1,0.0110122,271899655.2998407,-5.032613960503674,-2,39739766.666666664,149843
1148,2023-04-16,71907350.96989504,0,-0.48359192,371859655.2998407,-7.549017767822635,-3,39739250.0,149844
1149,2023-04-16,71868483.32256019,0,-0.42909716,471819655.2998407,-10.06543107360963,-4,39739100.0,149845
1150,2023-04-16,71833348.28091246,1,0.01815156,471819655.2998407,-10.06543107360963,-4,39738616.666666664,149846
1151,2023-04-16,71837709.96771097,0,-0.44098257,571779655.2998407,-12.581902427148272,-5,39738183.333333336,149847
1152,2023-04-16,71801694.23681301,1,0.00593575,571779655.2998407,-12.581902427148272,-5,39737866.666666664,149848
1153,2023-04-16,71803057.27624255,2,-2.77672993,-28436933.362966835,2.516498267495797,1,39737758.333333336,149849
1154,2023-04-16,71562835.9580253,1,-0.00568929,-28436933.362966835,2.516498267495797,1,39737666.666666664,149850
1155,2023-04-16,71562353.62919071,2,-0.47495128,-128476933.36296684,5.033014477949531,2,39737475.0,149851
1156,2023-04-16,71521347.02629513,1,-0.01411082,-128476933.36296684,5.033014477949531,2,39737275.0,149852
1157,2023-04-16,71520130.71446297,1,-0.01218672,-128476933.36296684,5.033014477949531,2,39737033.333333336,149853
1158,2023-04-16,71519082.16978005,1,-0.01291685,-128476933.36296684,5.033014477949531,2,39736825.0,149854
1159,2023-04-16,71518033.62509713,1,-0.0185665,-128476933.36296684,5.033014477949531,2,39736616.666666664,149855
1160,2023-04-16,71516523.72075373,1,-0.02265831,-128476933.36296684,5.033014477949531,2,39736316.666666664,149856
1161,2023-04-16,71514678.28211182,0,-1.37660722,171394681.6374538,-2.5166127901811834,-1,39735950.0,149857
1162,2023-04-16,71395667.31079662,0,-0.42973703,271354681.6374538,-5.033250386188286,-2,39735558.333333336,149858
1163,2023-04-16,71357806.44221076,1,0.00380679,271354681.6374538,-5.033250386188286,-2,39735133.333333336,149859
1164,2023-04-16,71358813.09228799,1,0.00761403,271354681.6374538,-5.033250386188286,-2,39734933.333333336,149860
1165,2023-04-16,71360826.39244246,1,0.0071378,271354681.6374538,-5.033250386188286,-2,39734533.333333336,149861
1166,2023-04-16,71362713.8613373,1,0.00602629,271354681.6374538,-5.033250386188286,-2,39734158.333333336,149862
1167,2023-04-16,71364307.72395962,1,0.00710208,271354681.6374538,-5.033250386188286,-2,39733841.666666664,149863
1168,2023-04-16,71366153.24910119,0,-0.41361498,371314681.6374538,-7.550019936296852,-3,39733475.0,149864
1169,2023-04-16,71330305.76006621,2,-1.75036488,-28829687.99028474,2.5168043883001316,1,39732925.0,149865
1170,2023-04-16,71169242.36785024,1,-0.00752252,-28829687.99028474,2.5168043883001316,1,39732500.0,149866
1171,2023-04-16,71168613.16675316,0,-0.91489388,171088613.84629035,-2.516847145580731,-1,39732250.0,149867
1172,2023-04-16,71089117.21571948,1,0.00201306,171088613.84629035,-2.516847145580731,-1,39732050.0,149868
1173,2023-04-16,71089641.5588748,1,0.00233677,171088613.84629035,-2.516847145580731,-1,39731841.666666664,149869
1174,2023-04-16,71090249.79693498,0,-0.44662739,271048613.84629035,-5.033735466212168,-2,39731600.0,149870
1175,2023-04-16,71050795.11827716,1,0.00404132,271048613.84629035,-5.033735466212168,-2,39731491.666666664,149871
1176,2023-04-16,71051843.81316593,0,-0.44624089,371008613.84629035,-7.550643846971745,-3,39731283.333333336,149872
1177,2023-04-16,71012535.9555186,0,-0.44394351,470968613.84629035,-10.067558034670201,-4,39731191.666666664,149873
1178,2023-04-16,70972703.74815255,1,0.00499249,470968613.84629035,-10.067558034670201,-4,39731175.0,149874
1179,2023-04-16,70974046.08922386,2,-2.15121592,-29225951.73787892,2.5169236900198735,1,39731041.666666664,149875
1180,2023-04-16,70774048.26212108,1,0.0001504,-29225951.73787892,2.5169236900198735,1,39731041.666666664,149876
1181,2023-04-16,70774090.21084927,0,-0.84534146,170694090.1940698,-2.5169226342028392,-1,39731058.333333336,149877
1182,2023-04-16,70694090.1940698,0,-0.42949967,270654090.1940698,-5.0338452684056785,-2,39731058.333333336,149878
1183,2023-04-16,70654887.21957064,2,-1.25570521,-29465112.46161917,2.5169326645004264,1,39730900.0,149879
1184,2023-04-16,70533943.68863164,1,-0.02140855,-29465112.46161917,2.5169326645004264,1,39730525.0,149880
1185,2023-04-16,70531951.11693892,1,-0.01441272,-29465112.46161917,2.5169326645004264,1,39729733.333333336,149881
1186,2023-04-16,70530608.75285117,0,-0.81719676,170450610.4643654,-2.517040363259265,-1,39729200.0,149882
1187,2023-04-16,70451806.05853795,1,0.00420786,170450610.4643654,-2.517040363259265,-1,39728725.0,149883
1188,2023-04-16,70453022.62804686,1,0.00376961,170450610.4643654,-2.517040363259265,-1,39728241.666666664,149884
1189,2023-04-16,70454092.37020124,1,0.00451196,170450610.4643654,-2.517040363259265,-1,39727816.666666664,149885
1190,2023-04-16,70455371.86571923,0,-0.39956385,270410610.46436536,-5.034200578619102,-2,39727308.333333336,149886
1191,2023-04-16,70416966.02923578,1,0.00597138,270410610.46436536,-5.034200578619102,-2,39726991.666666664,149887
1192,2023-04-16,70418686.0477668,1,0.00451947,270410610.46436536,-5.034200578619102,-2,39726650.0,149888
1193,2023-04-16,70419986.54958296,1,0.00401172,270410610.46436536,-5.034200578619102,-2,39726391.666666664,149889
1194,2023-04-16,70421119.24471316,2,-1.21635983,-29698876.55177468,2.51723255452955,1,39726166.666666664,149890
1195,2023-04-16,70300620.00171441,1,-0.00762717,-29698876.55177468,2.51723255452955,1,39725966.666666664,149891
1196,2023-04-16,70299864.83194804,1,-0.00819331,-29698876.55177468,2.51723255452955,1,39725666.666666664,149892
1197,2023-04-16,70299067.70830579,0,-0.79703557,170219068.53060177,-2.5172843033478625,-1,39725350.0,149893
1198,2023-04-16,70220285.21801506,2,-0.87635406,-29859714.295309976,2.517314931201783,1,39724866.666666664,149894
1199,2023-04-16,70139467.57733738,0,-0.830933,170059467.90458834,-2.517335526212281,-1,39724541.666666664,149895
1200,2023-04-16,70060097.23846988,2,-0.8431667,-30019902.50979656,2.517351368757362,1,39724291.666666664,149896
1201,2023-04-16,69979531.08614548,1,-0.00477592,-30019902.50979656,2.517351368757362,1,39724066.666666664,149897
1202,2023-04-16,69979090.54965594,0,-0.83978437,169899090.95243216,-2.5173767172442614,-1,39723891.666666664,149898
1203,2023-04-16,69898818.23662111,1,-0.00357418,169899090.95243216,-2.5173767172442614,-1,39724000.0,149899
1204,2023-04-16,69898482.58639215,0,-0.42144798,269859090.95243216,-5.034738119716646,-2,39724133.333333336,149900
1205,2023-04-16,69858230.84948614,1,-0.0008797,269859090.95243216,-5.034738119716646,-2,39724183.333333336,149901
1206,2023-04-16,69858146.93718415,2,-1.21683602,-30261853.44042194,2.517357177740521,1,39724200.0,149902
1207,2023-04-16,69738251.44946046,0,-0.78902762,169658251.4075045,-2.517354537290307,-1,39724241.666666664,149903
1208,2023-04-16,69657978.6940963,1,-0.0028665,169658251.4075045,-2.517354537290307,-1,39724350.0,149904
1209,2023-04-16,69657705.98068808,2,-0.80868265,-30422294.237482637,2.517340807038485,1,39724458.333333336,149905
1210,2023-04-16,69578041.4079583,1,0.00100993,-30422294.237482637,2.517340807038485,1,39724591.666666664,149906
1211,2023-04-16,69578335.09771913,1,0.00100893,-30422294.237482637,2.517340807038485,1,39724708.333333336,149907
1212,2023-04-16,69578628.78747994,1,0.00117281,-30422294.237482637,2.517340807038485,1,39724825.0,149908
1213,2023-04-16,69578964.43292089,1,0.00089341,-30422294.237482637,2.517340807038485,1,39724958.333333336,149909
1214,2023-04-16,69579216.16700159,0,-0.82582864,169499215.5628398,-2.51730278558433,-1,39725058.333333336,149910
1215,2023-04-16,69498733.0798059,1,-0.0052456,169499215.5628398,-2.51730278558433,-1,39725250.0,149911
1216,2023-04-16,69498229.61924879,1,-0.00545969,169499215.5628398,-2.51730278558433,-1,39725450.0,149912
1217,2023-04-16,69497705.18116845,0,-0.46681592,269459215.5628398,-5.034567550863025,-2,39725658.333333336,149913
1218,2023-04-16,69456740.22238788,0,-0.46330237,369419215.5628398,-7.551820171008346,-3,39725850.0,149914
1219,2023-04-16,69415292.79018849,0,-0.47860124,469379215.5628398,-10.069060646137487,-4,39726041.666666664,149915
1220,2023-04-16,69372439.88967198,1,-0.03744803,469379215.5628398,-10.069060646137487,-4,39726325.0,149916
1221,2023-04-16,69369083.53612328,1,-0.04114228,469379215.5628398,-10.069060646137487,-4,39726658.333333336,149917
1222,2023-04-16,69365391.5472197,1,-0.04668437,469379215.5628398,-10.069060646137487,-4,39727025.0,149918
1223,2023-04-16,69361196.10528386,1,-0.03731555,469379215.5628398,-10.069060646137487,-4,39727441.666666664,149919
1224,2023-04-16,69357839.75173509,2,-2.02771074,-30842168.79858935,2.5171306472612676,1,39727775.0,149920
1225,2023-04-16,69158796.1014921,1,0.00285175,-30842168.79858935,2.5171306472612676,1,39728158.333333336,149921
1226,2023-04-16,69159593.19286373,2,-0.41609429,-130882168.79858935,5.034216943677126,2,39728475.0,149922
1227,2023-04-16,69120809.79529178,1,0.00585278,-130882168.79858935,5.034216943677126,2,39728716.666666664,149923
1228,2023-04-16,69122445.91579849,2,-0.38417355,-230922168.79858935,7.5512673381723365,3,39729041.666666664,149924
1229,2023-04-16,69086032.76778412,1,0.01062782,-230922168.79858935,7.5512673381723365,3,39729516.666666664,149925
1230,2023-04-16,69089053.27471936,1,0.00620002,-230922168.79858935,7.5512673381723365,3,39729916.666666664,149926
1231,2023-04-16,69090815.23709834,1,0.00398448,-230922168.79858935,7.5512673381723365,3,39730150.0,149927
1232,2023-04-16,69091947.927199,0,-1.60878529,168931942.2805087,-2.5169706747746683,-1,39730300.0,149928
1233,2023-04-16,68931124.26503938,0,-0.4400553,268891942.2805087,-5.0339207605082805,-2,39730625.0,149929
1234,2023-04-16,68889320.44343352,1,-0.02118332,268891942.2805087,-5.0339207605082805,-2,39730983.333333336,149930
1235,2023-04-16,68887306.87512934,1,-0.02557887,268891942.2805087,-5.0339207605082805,-2,39731383.333333336,149931
1236,2023-04-16,68884957.71210778,1,-0.01688442,268891942.2805087,-5.0339207605082805,-2,39731850.0,149932
1237,2023-04-16,68883405.58653992,0,-0.44441753,368851942.2805087,-7.5507737127453325,-3,39732158.333333336,149933
1238,2023-04-16,68841769.58556885,2,-1.61818394,-31318234.483509123,2.5168392274561993,1,39732375.0,149934
1239,2023-04-16,68682059.14773408,2,-0.40946317,-131358234.48350912,5.033671064707786,2,39732491.666666664,149935
1240,2023-04-16,68640926.57174453,1,-0.01823937,-131358234.48350912,5.033671064707786,2,39732266.666666664,149936
1241,2023-04-16,68639122.83961305,1,-0.01508992,-131358234.48350912,5.033671064707786,2,39731908.333333336,149937
1242,2023-04-16,68637654.68555248,1,-0.00172345,-131358234.48350912,5.033671064707786,2,39731616.666666664,149938
1243,2023-04-16,68637486.89651701,1,0.00172808,-131358234.48350912,5.033671064707786,2,39731583.333333336,149939
1244,2023-04-16,68637948.31636459,1,0.00455836,-131358234.48350912,5.033671064707786,2,39731675.0,149940
1245,2023-04-16,68639164.78687188,0,-1.33094938,168519165.82716373,-2.516868260823058,-1,39731916.666666664,149941
1246,2023-04-16,68518515.63619635,1,-0.00636008,168519165.82716373,-2.516868260823058,-1,39732175.0,149942
1247,2023-04-16,68517949.34083766,0,-0.47124777,268479165.8271637,-5.033705904660329,-2,39732400.0,149943
1248,2023-04-16,68477571.81289479,1,-0.00196003,268479165.8271637,-5.033705904660329,-2,39732475.0,149944
1249,2023-04-16,68477404.02269796,2,-1.3237072,-31642596.682023823,2.5168307815116124,1,39732508.333333336,149945
1250,2023-04-16,68357550.13310508,1,0.001763,-31642596.682023823,2.5168307815116124,1,39732566.666666664,149946
1251,2023-04-16,68358011.55208169,1,0.00240341,-31642596.682023823,2.5168307815116124,1,39732750.0,149947
1252,2023-04-16,68358640.75977707,1,0.00416595,-31642596.682023823,2.5168307815116124,1,39733000.0,149948
1253,2023-04-16,68359731.38644907,2,-0.42126377,-131682596.68202382,5.033602970843351,2,39733433.333333336,149949
1254,2023-04-16,68322290.13462588,2,-0.40869114,-231722596.68202382,7.550342962030566,3,39733941.666666664,149950
1255,2023-04-16,68286002.38658226,1,0.0167926,-231722596.68202382,7.550342962030566,3,39734433.333333336,149951
1256,2023-04-16,68290469.67283475,1,0.01752979,-231722596.68202382,7.550342962030566,3,39735025.0,149952
1257,2023-04-16,68295125.71766132,1,0.02374656,-231722596.68202382,7.550342962030566,3,39735641.666666664,149953
1258,2023-04-16,68301417.67012972,0,-1.79018197,168141408.06438887,-2.516579540585822,-1,39736475.0,149954
1259,2023-04-16,68140275.6035956,1,-0.00302941,168141408.06438887,-2.516579540585822,-1,39736925.0,149955
1260,2023-04-16,68140002.97414537,0,-0.4455343,268101408.06438887,-5.033123721454885,-2,39737033.333333336,149956
1261,2023-04-16,68099164.12019181,1,-0.02275786,268101408.06438887,-5.033123721454885,-2,39737200.0,149957
1262,2023-04-16,68097150.87070322,1,-0.03985728,268101408.06438887,-5.033123721454885,-2,39737600.0,149958
1263,2023-04-16,68093753.51219127,1,-0.02045963,268101408.06438887,-5.033123721454885,-2,39738275.0,149959
1264,2023-04-16,68092075.8042841,0,-0.53941732,368061408.0643889,-7.549568161612053,-3,39738608.333333336,149960
1265,2023-04-16,68048678.49861139,1,-0.03826531,368061408.0643889,-7.549568161612053,-3,39739058.333333336,149961
1266,2023-04-16,68045595.75827873,0,-0.52891054,468021408.0643889,-10.06595824904822,-4,39739466.666666664,149962
1267,2023-04-16,68003834.21558517,1,-0.05406885,468021408.0643889,-10.06595824904822,-4,39739641.666666664,149963
1268,2023-04-16,67999556.18332934,2,-2.31711238,-32200452.557423055,2.516352094695362,1,39740066.666666664,149964
1269,2023-04-16,67800931.43622902,1,0.00514067,-32200452.557423055,2.516352094695362,1,39740616.666666664,149965
1270,2023-04-16,67802252.52107874,1,0.00433491,-32200452.557423055,2.516352094695362,1,39741141.666666664,149966
1271,2023-04-16,67803301.00111821,0,-0.99467529,167723299.4996948,-2.5162576454915895,-1,39741558.333333336,149967
1272,2023-04-16,67723110.78037138,0,-0.50663319,267683299.4996948,-5.032510542327737,-2,39741633.333333336,149968
1273,2023-04-16,67681391.33926943,1,-0.02332694,267683299.4996948,-5.032510542327737,-2,39741975.0,149969
1274,2023-04-16,67679546.08540392,1,-0.02277163,267683299.4996948,-5.032510542327737,-2,39742341.666666664,149970
1275,2023-04-16,67677742.76912624,1,-0.02908671,267683299.4996948,-5.032510542327737,-2,39742700.0,149971
1276,2023-04-16,67675436.20179433,0,-0.53420106,367643299.4996948,-7.548666887057092,-3,39743158.333333336,149972
1277,2023-04-16,67632102.20725262,1,-0.02323857,367643299.4996948,-7.548666887057092,-3,39743600.0,149973
1278,2023-04-16,67630215.04053086,2,-1.88529268,-32529790.193252802,2.51611255577907,1,39743850.0,149974
1279,2023-04-16,67470922.70530467,1,0.00563033,-32529790.193252802,2.51611255577907,1,39744133.333333336,149975
1280,2023-04-16,67472348.5024196,1,0.00596752,-32529790.193252802,2.51611255577907,1,39744700.0,149976
1281,2023-04-16,67473858.16995306,1,0.00448602,-32529790.193252802,2.51611255577907,1,39745300.0,149977
1282,2023-04-16,67474969.45299853,0,-0.96351344,167394967.54914004,-2.515992803421918,-1,39745741.666666664,149978
1283,2023-04-16,67393814.3857718,1,-0.00711877,167394967.54914004,-2.515992803421918,-1,39746200.0,149979
1284,2023-04-16,67393227.32078433,1,-0.01170927,167394967.54914004,-2.515992803421918,-1,39746433.333333336,149980
1285,2023-04-16,67392262.85687636,2,-0.92503796,-32687738.225000545,2.515924755399699,1,39746816.666666664,149981
1286,2023-04-16,67313163.31470348,2,-0.44983127,-132727738.22500055,5.03182682894329,2,39747175.0,149982
1287,2023-04-16,67274043.88439853,1,0.0,-132727738.22500055,5.03182682894329,2,39747350.0,149983
1288,2023-04-16,67274043.88439853,1,-0.00960727,-132727738.22500055,5.03182682894329,2,39747350.0,149984
1289,2023-04-16,67273289.11037417,0,-1.44113769,167153288.69944,-2.5159004911037757,-1,39747200.0,149985
1290,2023-04-16,67152785.5193418,0,-0.49624168,267113288.69944,-5.031788322760689,-2,39747400.0,149986
1291,2023-04-16,67111234.05127558,1,-0.03447619,267113288.69944,-5.031788322760689,-2,39747708.333333336,149987
1292,2023-04-16,67108340.77299002,1,-0.02033694,267113288.69944,-5.031788322760689,-2,39748283.333333336,149988
1293,2023-04-16,67106663.51021579,1,-0.00253798,267113288.69944,-5.031788322760689,-2,39748616.666666664,149989
1294,2023-04-16,67106453.85236898,1,0.00050718,267113288.69944,-5.031788322760689,-2,39748658.333333336,149990
1295,2023-04-16,67106579.647077054,0,-0.47690986,367073288.69944,-7.547598090643694,-3,39748633.333333336,149991
1296,2023-04-16,67066328.06047404,0,-0.50812799,467033288.69944,-10.063405748762206,-4,39748666.666666664,149992
1297,2023-04-16,67025992.61361575,0,-0.50955474,566993288.69944,-12.579211297119762,-5,39748700.0,149993
1298,2023-04-16,66985573.30657244,1,-0.03698469,566993288.69944,-12.579211297119762,-5,39748733.333333336,149994
1299,2023-04-16,66982638.157269835,1,-0.0777754,566993288.69944,-12.579211297119762,-5,39748966.666666664,149995
1300,2023-04-16,66976453.37838203,2,-2.66669119,-33263553.35574639,2.51575755225176,1,39749458.333333336,149996
1301,2023-04-16,66738081.88666257,1,0.00590403,-33263553.35574639,2.51575755225176,1,39750108.333333336,149997
1302,2023-04-16,66739633.27048646,0,-0.96584435,166659631.99583596,-2.5156773870162117,-1,39750725.0,149998
1303,2023-04-16,66658185.48133843,0,-0.50868868,266619631.99583596,-5.031318384920683,-2,39751300.0,149999
1304,2023-04-16,66615250.545613885,2,-1.32520107,-33504751.20696619,2.515604082490012,1,39751883.333333336,150000
1305,2023-04-16,66496967.78915684,2,-0.38711182,-133544751.20696619,5.03116492258671,2,39752566.666666664,150001
1306,2023-04-16,66461873.17495632,1,0.01993729,-133544751.20696619,5.03116492258671,2,39753541.666666664,150002
1307,2023-04-16,66467281.67724812,1,0.02355617,-133544751.20696619,5.03116492258671,2,39754616.666666664,150003
1308,2023-04-16,66473654.486150086,1,0.02096464,-133544751.20696619,5.03116492258671,2,39755883.333333336,150004
1309,2023-04-16,66479314.54668799,1,0.01598659,-133544751.20696619,5.03116492258671,2,39757008.333333336,150005
1310,2023-04-16,66483381.40500039,0,-1.34673021,166363370.1519556,-2.515228661533644,-1,39757816.666666664,150006
1311,2023-04-16,66362426.94120754,0,-0.45506324,266323370.1519556,-5.0304335993839775,-2,39758191.666666664,150007
1312,2023-04-16,66321546.615327656,1,-0.00606525,266323370.1519556,-5.0304335993839775,-2,39758366.666666664,150008
1313,2023-04-16,66321001.65168771,1,0.00049405,266323370.1519556,-5.0304335993839775,-2,39758475.0,150009
1314,2023-04-16,66321127.41252771,2,-1.3319647,-33798873.48456806,2.5151885951288344,1,39758450.0,150010
1315,2023-04-16,66201440.91400634,1,0.00093287,-33798873.48456806,2.5151885951288344,1,39758575.0,150011
1316,2023-04-16,66201692.43286586,1,0.00038852,-33798873.48456806,2.5151885951288344,1,39758675.0,150012
1317,2023-04-16,66201797.23239064,1,-0.008063,-33798873.48456806,2.5151885951288344,1,39758716.666666664,150013
1318,2023-04-16,66201084.59562203,1,-0.00120631,-33798873.48456806,2.5151885951288344,1,39758433.333333336,150014
1319,2023-04-16,66200979.79609722,1,0.00297031,-33798873.48456806,2.5151885951288344,1,39758391.666666664,150015
1320,2023-04-16,66201755.312580734,1,0.00240373,-33798873.48456806,2.5151885951288344,1,39758700.0,150016
1321,2023-04-16,66202384.10972951,1,-0.00047929,-33798873.48456806,2.5151885951288344,1,39758950.0,150017
1322,2023-04-16,66202342.189919606,1,-0.00934104,-33798873.48456806,2.5151885951288344,1,39758933.333333336,150018
1323,2023-04-16,66201587.63334106,0,-0.95244005,166121587.4488939,-2.5151769971972544,-1,39758633.333333336,150019
1324,2023-04-16,66121482.64985235,0,-0.4836109,266081587.4488939,-5.030351358515885,-2,39758675.0,150020
1325,2023-04-16,66080811.93633786,1,-0.00798069,266081587.4488939,-5.030351358515885,-2,39758808.333333336,150021
1326,2023-04-16,66080141.22282341,1,-0.01847225,266081587.4488939,-5.030351358515885,-2,39758941.666666664,150022
1327,2023-04-16,66078590.1978212,1,0.00016656,266081587.4488939,-5.030351358515885,-2,39759250.0,150023
1328,2023-04-16,66078632.117415875,1,0.00272457,266081587.4488939,-5.030351358515885,-2,39759241.666666664,150024
1329,2023-04-16,66079302.83093032,2,-1.38476564,-34040698.082916856,2.5151469485084443,1,39759108.333333336,150025
1330,2023-04-16,65958903.685482964,0,-0.90059523,165878903.84477562,-2.515156964658272,-1,39758950.0,150026
1331,2023-04-16,65879176.32011345,2,-0.87059259,-34200823.57089642,2.515163817859382,1,39758841.666666664,150027
1332,2023-04-16,65799365.06638992,1,-0.00829068,-34200823.57089642,2.515163817859382,1,39758916.666666664,150028
1333,2023-04-16,65798673.39634001,0,-0.91243131,165718673.59755313,-2.5151764700210877,-1,39758641.666666664,150029
1334,2023-04-16,65719491.0299059,2,-0.89425857,-34360508.64312115,2.5151970300553472,1,39758316.666666664,150030
1335,2023-04-16,65638841.5976461,1,-0.01037359,-34360508.64312115,2.5151970300553472,1,39758058.333333336,150031
1336,2023-04-16,65637940.31871033,1,-0.01058071,-34360508.64312115,2.5151970300553472,1,39757700.0,150032
1337,2023-04-16,65637039.03977455,1,-0.00467851,-34360508.64312115,2.5151970300553472,1,39757341.666666664,150033
1338,2023-04-16,65636640.80024481,1,-0.00443537,-34360508.64312115,2.5151970300553472,1,39757183.333333336,150034
1339,2023-04-16,65636263.52069029,0,-0.89434447,165556264.81182477,-2.5152782191159466,-1,39757033.333333336,150035
1340,2023-04-16,65557333.8050679,0,-0.42778289,265516264.81182477,-5.030583326673537,-2,39756608.333333336,150036
1341,2023-04-16,65519681.41062036,1,0.00620206,265516264.81182477,-5.030583326673537,-2,39756141.666666664,150037
1342,2023-04-16,65521316.35020152,1,0.00774842,265516264.81182477,-5.030583326673537,-2,39755816.666666664,150038
1343,2023-04-16,65523202.818949044,1,0.00361492,265516264.81182477,-5.030583326673537,-2,39755441.666666664,150039
1344,2023-04-16,65524083.17103121,2,-1.40126277,-34595913.70162511,2.515389994449373,1,39755266.666666664,150040
1345,2023-04-16,65403184.950293556,0,-0.88462266,165323185.3108328,-2.515412667073185,-1,39754908.333333336,150041
1346,2023-04-16,65323898.011088476,1,0.00235012,165323185.3108328,-2.515412667073185,-1,39754625.0,150042
1347,2023-04-16,65324505.902483016,2,-0.89692973,-34755493.56928033,2.5154458858415194,1,39754383.333333336,150043
1348,2023-04-16,65244191.99998395,1,-0.00351256,-34755493.56928033,2.5154458858415194,1,39754258.333333336,150044
1349,2023-04-16,65243877.569248214,0,-0.88226932,165163877.8207928,-2.515461704611009,-1,39754133.333333336,150045
1350,2023-04-16,65164904.967655525,0,-0.42047165,265123877.8207928,-5.030949246973391,-2,39753725.0,150046
1351,2023-04-16,65127294.66854784,0,-0.38263458,365083877.8207928,-7.546466846163394,-3,39753250.0,150047
1352,2023-04-16,65092514.308116436,1,0.01664473,365083877.8207928,-7.546466846163394,-3,39752558.333333336,150048
1353,2023-04-16,65097042.18822414,1,0.0102918,365083877.8207928,-7.546466846163394,-3,39751958.333333336,150049
1354,2023-04-16,65099683.45162028,2,-1.77812506,-35060310.226127386,2.5156214853361276,1,39751608.333333336,150050
1355,2023-04-16,64938725.45230323,2,-0.4617096,-135100310.2261274,5.031267229586776,2,39751225.0,150051
1356,2023-04-16,64896167.89146149,0,-1.22163657,164776169.30021447,-2.515677914402382,-1,39750716.666666664,150052
1357,2023-04-16,64777615.81501526,0,-0.37934077,264736169.30021447,-5.031392218984525,-2,39750141.666666664,150053
1358,2023-04-16,64740215.367661715,1,0.00993464,264736169.30021447,-5.031392218984525,-2,39749625.0,150054
1359,2023-04-16,64743150.34645614,1,0.0117121,264736169.30021447,-5.031392218984525,-2,39749041.666666664,150055
1360,2023-04-16,64746546.53620395,1,0.01282279,264736169.30021447,-5.031392218984525,-2,39748366.666666664,150056
1361,2023-04-16,64750194.295562714,1,0.01081845,264736169.30021447,-5.031392218984525,-2,39747641.666666664,150057
1362,2023-04-16,64753213.130894095,1,0.00948985,264736169.30021447,-5.031392218984525,-2,39747041.666666664,150058
1363,2023-04-16,64755854.611809075,1,0.00983045,264736169.30021447,-5.031392218984525,-2,39746516.666666664,150059
1364,2023-04-16,64758579.94926101,1,0.0115392,264736169.30021447,-5.031392218984525,-2,39745975.0,150060
1365,2023-04-16,64761431.07151842,0,-0.39917954,364696169.30021447,-7.547406123316032,-3,39745408.333333336,150061
1366,2023-04-16,64727972.156825304,1,0.02720249,364696169.30021447,-7.547406123316032,-3,39744541.666666664,150062
1367,2023-04-16,64734513.24213219,1,0.03169403,364696169.30021447,-7.547406123316032,-3,39743675.0,150063
1368,2023-04-16,64741934.85815346,1,0.03137238,364696169.30021447,-7.547406123316032,-3,39742691.666666664,150064
1369,2023-04-16,64748790.41871542,2,-2.06899978,-35411188.53283715,2.5162433995790323,1,39741783.333333336,150065
1370,2023-04-16,64587175.908953115,0,-0.96721115,164507176.5631764,-2.51628455487765,-1,39741133.333333336,150066
1371,2023-04-16,64508225.01507427,0,-0.45309452,264467176.5631764,-5.032595492065077,-2,39740716.666666664,150067
1372,2023-04-16,64470405.80645412,1,0.01656816,264467176.5631764,-5.032595492065077,-2,39740283.333333336,150068
1373,2023-04-16,64474557.69773507,1,0.01807853,264467176.5631764,-5.032595492065077,-2,39739458.333333336,150069
1374,2023-04-16,64479087.033677936,0,-0.38714383,364427176.5631764,-7.54904309847254,-3,39738558.333333336,150070
1375,2023-04-16,64448208.7940886,1,0.03968725,364427176.5631764,-7.54904309847254,-3,39737350.0,150071
1376,2023-04-16,64457456.37188423,0,-0.42328668,464387176.5631764,-10.065644805357648,-4,39736125.0,150072
1377,2023-04-16,64423999.0410077,1,0.01665923,464387176.5631764,-10.065644805357648,-4,39735475.0,150073
1378,2023-04-16,64427941.41855645,1,0.00871204,464387176.5631764,-10.065644805357648,-4,39735083.333333336,150074
1379,2023-04-16,64429870.66714418,1,0.00568499,464387176.5631764,-10.065644805357648,-4,39734891.666666664,150075
1380,2023-04-16,64431128.87274486,2,-2.43300471,-35768853.54633129,2.5166877369356646,1,39734766.666666664,150076
1381,2023-04-16,64231377.15004462,0,-0.94332565,164151377.05776608,-2.5166819310416564,-1,39734858.333333336,150077
1382,2023-04-16,64150789.831982195,2,-0.89746396,-35929210.40290812,2.516667152523242,1,39735091.666666664,150078
1383,2023-04-16,64071146.1249385,1,0.00078754,-35929210.40290812,2.516667152523242,1,39735233.333333336,150079
1384,2023-04-16,64071355.8472012,0,-0.87057049,163991355.62070116,-2.5166529019734334,-1,39735316.666666664,150080
1385,2023-04-16,63991145.899626,0,-0.44618834,263951355.62070116,-5.033300526006411,-2,39735400.0,150081
1386,2023-04-16,63949258.41192874,0,-0.44012688,363911355.6207012,-7.549924399581295,-3,39735775.0,150082
1387,2023-04-16,63907182.18271887,1,-0.02520469,363911355.6207012,-7.549924399581295,-3,39736050.0,150083
1388,2023-04-16,63904854.28936231,2,-1.63626086,-36255148.31117022,2.5165869293088634,1,39736358.333333336,150084
1389,2023-04-16,63745648.60802406,1,0.00265995,-36255148.31117022,2.5165869293088634,1,39736675.0,150085
1390,2023-04-16,63746424.555660605,1,0.00107922,-36255148.31117022,2.5165869293088634,1,39736983.333333336,150086
1391,2023-04-16,63746739.12902677,1,0.00259093,-36255148.31117022,2.5165869293088634,1,39737108.333333336,150087
1392,2023-04-16,63747494.105105564,1,0.00302302,-36255148.31117022,2.5165869293088634,1,39737408.333333336,150088
1393,2023-04-16,63748374.91053082,1,0.00349279,-36255148.31117022,2.5165869293088634,1,39737758.333333336,150089
1394,2023-04-16,63749339.60218704,0,-0.8767608,163669337.80702168,-2.5164739921364383,-1,39738141.666666664,150090
1395,2023-04-16,63668582.86482404,1,-0.00826422,163669337.80702168,-2.5164739921364383,-1,39738441.666666664,150091
1396,2023-04-16,63667848.893242985,1,-0.00684776,163669337.80702168,-2.5164739921364383,-1,39738733.333333336,150092
1397,2023-04-16,63667240.74536157,1,-0.00760005,163669337.80702168,-2.5164739921364383,-1,39738975.0,150093
1398,2023-04-16,63666590.656246915,2,-0.92873389,-36413410.44261339,2.5164048627007567,1,39739233.333333336,150094
1399,2023-04-16,63587197.68856177,1,0.00229119,-36413410.44261339,2.5164048627007567,1,39739475.0,150095
1400,2023-04-16,63587784.8496964,2,-0.4429431,-136453410.4426134,5.032779647367226,2,39739708.333333336,150096
1401,2023-04-16,63549252.74376017,1,0.01126737,-136453410.4426134,5.032779647367226,2,39740000.0,150097
1402,2023-04-16,63552188.53188783,0,-1.32287472,163432186.29229805,-2.5163193796433956,-1,39740583.333333336,150098
1403,2023-04-16,63430613.59268576,1,-0.01891616,163432186.29229805,-2.5163193796433956,-1,39741208.333333336,150099
1404,2023-04-16,63428936.046432674,1,-0.02044294,163432186.29229805,-2.5163193796433956,-1,39741875.0,150100
1405,2023-04-16,63427153.65353876,1,-0.01968987,163432186.29229805,-2.5163193796433956,-1,39742583.333333336,150101
1406,2023-04-16,63425434.16862935,1,-0.02396648,163432186.29229805,-2.5163193796433956,-1,39743266.666666664,150102
1407,2023-04-16,63423337.23581298,0,-0.49448866,263392186.29229805,-5.032416108466038,-2,39744100.0,150103
1408,2023-04-16,63379143.555722564,1,-0.04912838,263392186.29229805,-5.032416108466038,-2,39744933.333333336,150104
1409,2023-04-16,63374991.812433094,1,-0.05050412,263392186.29229805,-5.032416108466038,-2,39745758.333333336,150105
1410,2023-04-16,63370882.00594452,1,-0.05089543,263392186.29229805,-5.032416108466038,-2,39746575.0,150106
1411,2023-04-16,63366730.26265505,1,-0.04708313,263392186.29229805,-5.032416108466038,-2,39747400.0,150107
1412,2023-04-16,63363039.82417548,1,-0.04539958,263392186.29229805,-5.032416108466038,-2,39748133.333333336,150108
1413,2023-04-16,63359475.196098685,1,-0.04673677,263392186.29229805,-5.032416108466038,-2,39748841.666666664,150109
1414,2023-04-16,63355952.50482276,1,-0.05216113,263392186.29229805,-5.032416108466038,-2,39749541.666666664,150110
1415,2023-04-16,63352094.31913957,1,-0.05423726,263392186.29229805,-5.032416108466038,-2,39750308.333333336,150111
1416,2023-04-16,63348152.259854615,1,-0.0568394,263392186.29229805,-5.032416108466038,-2,39751091.666666664,150112
1417,2023-04-16,63344000.516565144,0,-0.61162603,363352186.2922981,-7.548018081536519,-3,39751916.666666664,150113
1418,2023-04-16,63298087.90240133,1,-0.10352644,363352186.2922981,-7.548018081536519,-3,39752700.0,150114
1419,2023-04-16,63290980.18537456,0,-0.73295924,463312186.2922981,-10.063510896974602,-4,39753641.666666664,150115
1420,2023-04-16,63240413.49893272,2,-2.73107809,-36959615.210184634,2.5154263762998204,1,39754691.666666664,150116
1421,2023-04-16,63043025.98751047,0,-1.11195609,162963024.9310314,-2.515359940671044,-1,39755741.666666664,150117
1422,2023-04-16,62960572.45508924,1,-0.02847,162963024.9310314,-2.515359940671044,-1,39756716.666666664,150118
1423,2023-04-16,62958455.3604725,1,-0.02529444,162963024.9310314,-2.515359940671044,-1,39757558.333333336,150119
1424,2023-04-16,62956568.840517,1,-0.01709695,162963024.9310314,-2.515359940671044,-1,39758308.333333336,150120
1425,2023-04-16,62955290.19921383,1,-0.0167767,162963024.9310314,-2.515359940671044,-1,39758816.666666664,150121
1426,2023-04-16,62954032.51924349,1,-0.01506743,162963024.9310314,-2.515359940671044,-1,39759316.666666664,150122
1427,2023-04-16,62952900.607270196,1,-0.01837388,162963024.9310314,-2.515359940671044,-1,39759766.666666664,150123
1428,2023-04-16,62951517.15930283,1,-0.01860845,162963024.9310314,-2.515359940671044,-1,39760316.666666664,150124
1429,2023-04-16,62950112.75000262,1,-0.01837864,162963024.9310314,-2.515359940671044,-1,39760875.0,150125
1430,2023-04-16,62948750.263368085,1,-0.01885991,162963024.9310314,-2.515359940671044,-1,39761416.666666664,150126
1431,2023-04-16,62947345.85406788,1,-0.02520295,162963024.9310314,-2.515359940671044,-1,39761975.0,150127
1432,2023-04-16,62945459.334112376,2,-0.98882798,-37134547.69212639,2.5149181802806524,1,39762725.0,150128
1433,2023-04-16,62867967.22605389,1,0.01279586,-37134547.69212639,2.5149181802806524,1,39763725.0,150129
1434,2023-04-16,62870712.678400695,1,0.01610724,-37134547.69212639,2.5149181802806524,1,39764816.666666664,150130
1435,2023-04-16,62874003.02968657,1,0.01726116,-37134547.69212639,2.5149181802806524,1,39766125.0,150131
1436,2023-04-16,62877440.08453295,0,-1.17881878,162797435.28942227,-2.514616733642785,-1,39767491.666666664,150132
1437,2023-04-16,62794941.62782806,0,-0.61534523,262757435.28942227,-5.029170762817479,-2,39768483.333333336,150133
1438,2023-04-16,62750624.92292333,1,-0.05025782,262757435.28942227,-5.029170762817479,-2,39769341.666666664,150134
1439,2023-04-16,62747062.593632996,1,-0.04695369,262757435.28942227,-5.029170762817479,0,39770050.0,150135
